timestamp ba_x ba_y ba_z bg_x bg_y bg_z
328.516000 0.03868201 0.01970626 -0.01200020 -0.00013081 0.00036770 0.00001071
331.048000 0.19721647 0.03329597 -0.00109687 0.00013134 0.00010397 0.00007026
331.344000 0.45199911 0.07138248 0.01029719 0.00016978 0.00016519 -0.00016273
331.764000 0.77406623 0.12122144 0.03464328 0.00019538 0.00014613 -0.00019234
332.348000 1.03585532 0.16943221 0.06197799 0.00020327 0.00019619 -0.00021463
332.456000 1.22814022 0.18880308 0.08293107 0.00018499 0.00021392 -0.00017357
332.868000 1.40032366 0.22139091 0.11032030 0.00020903 0.00016626 -0.00029034
333.072000 1.66238179 0.29971917 0.15401183 0.00015442 0.00015609 -0.00028133
333.516000 1.83107165 0.37005890 0.18743672 0.00012754 0.00014323 -0.00023484
334.712000 1.85832122 0.39600740 0.19463456 0.00025345 0.00019752 -0.00024270
335.296000 1.86175625 0.33990756 0.19491947 0.00024246 0.00026954 -0.00025128
335.792000 1.87095379 0.28280651 0.19635546 0.00015173 0.00020919 -0.00022106
337.856000 1.86651945 0.19024190 0.20054506 0.00012667 0.00013237 -0.00020888
338.080000 1.86469874 0.15145918 0.19817717 0.00010681 0.00010505 -0.00017875
338.800000 1.86679440 0.09978469 0.19977740 0.00011298 0.00008221 -0.00017408
339.048000 1.85723351 0.09538789 0.19621430 0.00009116 0.00013783 -0.00016298
339.872000 1.85368451 0.10894524 0.19526861 0.00011704 0.00013414 -0.00016612
340.260000 1.85194095 0.09141818 0.19530543 0.00010809 0.00012783 -0.00017385
340.848000 1.85078549 0.15896144 0.19352538 0.00007771 0.00014702 -0.00017241
340.984000 1.81510281 0.18655078 0.18665537 0.00006288 0.00014441 -0.00018272
341.996000 1.83329070 0.32146709 0.18926994 -0.00000559 0.00018947 -0.00018287
342.756000 1.82184262 0.39554594 0.18848196 -0.00004334 0.00015821 -0.00019132
343.308000 1.78139535 0.47010059 0.18456615 -0.00004587 0.00012929 -0.00022623
343.792000 1.73454131 0.47718371 0.17742005 -0.00005702 0.00003904 -0.00026897
344.588000 1.73073282 0.49328864 0.17748844 -0.00003112 0.00004934 -0.00027545
345.132000 1.71993701 0.46924956 0.17396470 -0.00004788 0.00007403 -0.00025530
345.792000 1.70955950 0.35687157 0.16515061 -0.00006480 0.00007357 -0.00023758
346.004000 1.82450495 0.22556258 0.17776503 -0.00007390 0.00007656 -0.00022125
346.224000 1.66589943 0.61279584 0.16425167 -0.00008058 0.00007985 -0.00022967
346.540000 1.69621268 0.47692489 0.16556779 -0.00008678 0.00011267 -0.00023078
348.072000 1.54622265 0.80285789 0.14370026 -0.00006899 0.00021431 -0.00021939
348.480000 1.83393369 0.44554209 0.17555447 -0.00006706 0.00017496 -0.00022206
349.148000 1.66278086 0.54547379 0.15621305 -0.00005577 0.00015691 -0.00023326
349.664000 1.81755633 0.40183837 0.17616446 -0.00005948 0.00015600 -0.00023829
350.192000 1.71511783 0.58849133 0.16644775 -0.00007224 0.00014707 -0.00023807
350.820000 1.81280046 0.41554221 0.17556161 -0.00007920 0.00013238 -0.00023905
351.040000 2.00898910 -0.23743283 0.19037215 -0.00009045 0.00009566 -0.00024191
351.340000 1.85582798 -0.27456795 0.16710874 -0.00010244 0.00007841 -0.00024278
351.988000 1.83347299 -0.26128988 0.16363179 -0.00008631 0.00006851 -0.00023817
352.420000 1.83190136 -0.24809302 0.16394331 -0.00008245 0.00007379 -0.00024246
353.312000 1.81363226 -0.20003267 0.16281001 -0.00007817 0.00006292 -0.00024318
353.900000 1.80764490 -0.18385045 0.16246164 -0.00007305 0.00008385 -0.00024344
354.728000 1.78194532 -0.14664367 0.15950364 -0.00004986 0.00011138 -0.00024321
355.784000 1.75883317 -0.09450156 0.15770700 -0.00005495 0.00010926 -0.00025231
356.052000 1.76995731 -0.09342040 0.15978162 -0.00006318 0.00010471 -0.00024965
356.768000 1.71724283 0.02449165 0.15567370 -0.00007482 0.00008552 -0.00024807
357.120000 1.76133788 -0.03818666 0.16080571 -0.00008434 0.00010473 -0.00024672
357.428000 1.77527627 -0.03680419 0.16341719 -0.00007225 0.00011545 -0.00024816
357.812000 1.75106223 0.01728883 0.16157222 -0.00006471 0.00011157 -0.00024700
358.212000 1.74405562 0.03661406 0.16121540 -0.00007235 0.00011148 -0.00024879
358.588000 1.74865129 0.03643745 0.16204993 -0.00007940 0.00012064 -0.00024781
360.016000 1.68496108 0.17459166 0.15721498 -0.00005919 0.00012605 -0.00024841
360.680000 1.67218055 0.20515460 0.15644209 -0.00004573 0.00014820 -0.00024161
360.792000 1.61473365 0.22645882 0.14721508 -0.00003989 0.00015463 -0.00024472
361.484000 1.36458105 0.25317766 0.10268871 -0.00003166 0.00014050 -0.00024674
362.276000 1.92413578 0.19555068 0.20153916 -0.00003768 0.00013027 -0.00024426
362.936000 1.46604434 0.40316344 0.12840099 -0.00004849 0.00016778 -0.00024128
363.380000 1.84738411 0.17378434 0.18761510 -0.00005719 0.00017435 -0.00023750
363.708000 1.68948047 0.33991677 0.16648081 -0.00007116 0.00019141 -0.00022845
364.116000 1.55394989 0.34584345 0.14138937 -0.00007313 0.00021892 -0.00022615
365.076000 1.68847171 0.18902790 0.15861977 -0.00007899 0.00032423 -0.00021717
365.868000 1.61209661 0.16289125 0.14348209 -0.00008949 0.00029086 -0.00021114
366.160000 1.58144752 0.13623814 0.13607061 -0.00009488 0.00027655 -0.00021023
366.576000 1.52045498 0.16097741 0.12608188 -0.00009689 0.00025034 -0.00020311
366.864000 1.62859096 0.19466758 0.14731796 -0.00010203 0.00024475 -0.00020133
367.364000 1.49932433 0.17922863 0.12326083 -0.00010938 0.00023415 -0.00019975
368.096000 1.59881772 0.23577866 0.14378589 -0.00011347 0.00022698 -0.00021604
368.540000 1.52454510 0.20825409 0.12920614 -0.00011389 0.00022871 -0.00020059
369.240000 1.77955163 0.18712968 0.17481454 -0.00011741 0.00023129 -0.00019453
371.264000 1.67996357 0.16050422 0.15589764 -0.00013741 0.00026249 -0.00019386
372.628000 1.66377299 0.16402497 0.15301489 -0.00014429 0.00026187 -0.00018354
373.428000 1.63875138 0.16757248 0.14875085 -0.00016532 0.00027106 -0.00018491
373.816000 1.65791776 0.14771152 0.15100458 -0.00019445 0.00027623 -0.00017910
374.352000 1.67327329 0.14618401 0.15362458 -0.00019854 0.00028399 -0.00017639
374.824000 1.66985414 0.15665604 0.15364149 -0.00020239 0.00027536 -0.00018047
375.172000 1.67396817 0.16515262 0.15485060 -0.00019953 0.00027327 -0.00018153
375.628000 1.64633923 0.17510913 0.15060363 -0.00020234 0.00026508 -0.00017859
375.812000 1.72448405 0.19495143 0.16559245 -0.00020325 0.00026461 -0.00018072
376.536000 1.70594050 0.20756224 0.16339455 -0.00021352 0.00026788 -0.00018395
377.332000 1.68616299 0.20961101 0.15991987 -0.00021320 0.00027635 -0.00018035
378.180000 1.59926237 0.23512972 0.14638061 -0.00022292 0.00026826 -0.00017117
378.292000 1.59926277 0.23512991 0.14637728 -0.00254017 0.00135936 -0.00018765
378.516000 1.59926326 0.23512962 0.14637735 -0.00186009 0.00046837 0.00052797
379.516000 1.59926059 0.23513568 0.14637697 0.00035188 0.00065729 0.00015300
379.768000 1.59926089 0.23513525 0.14637713 -0.00117632 -0.00040158 -0.00083492
380.560000 1.59926186 0.23513061 0.14638019 -0.00146277 0.00054677 0.00066537
380.864000 1.59926151 0.23513085 0.14638038 -0.00154105 0.00072603 -0.00011196
381.644000 1.59926103 0.23513213 0.14638026 -0.00131597 0.00100287 0.00055377
382.144000 1.59925939 0.23513580 0.14637756 -0.00007731 0.00034724 0.00018502
382.708000 1.82218265 0.12718976 0.24551691 -0.00023210 0.00062294 0.00031450
383.524000 1.76184161 0.05329987 0.21819645 -0.00031447 0.00053213 0.00018689
384.628000 1.69133078 0.09055825 0.16861660 -0.00062584 0.00061287 0.00008936
385.328000 1.64651013 0.19275503 0.13443664 -0.00042705 0.00067923 0.00028032
385.744000 1.63314287 0.15628683 0.13063481 -0.00037347 0.00062606 0.00034379
386.904000 1.63334917 0.15061038 0.13126108 -0.00040724 0.00058921 0.00040282
387.940000 1.62764059 0.06951002 0.12882546 -0.00041356 0.00055770 0.00051251
388.652000 1.86446099 0.11760629 0.19695219 -0.00031056 0.00059906 0.00054445
388.932000 1.76400203 0.09082996 0.17694928 -0.00030689 0.00067781 0.00055785
389.876000 1.97733456 0.17742470 0.21922293 -0.00040512 0.00075952 0.00053222
390.332000 1.78493062 0.13924100 0.18372364 -0.00040419 0.00076200 0.00055924
391.460000 1.78148761 0.06671587 0.18888642 -0.00040012 0.00071820 0.00055765
391.604000 1.81810201 0.18395466 0.19717993 -0.00043335 0.00071588 0.00055771
391.836000 1.77603972 0.05409462 0.18384871 -0.00047350 0.00070879 0.00053021
393.580000 1.65283170 0.03820874 0.15344194 -0.00061753 0.00076892 0.00056628
394.292000 1.90605305 0.10367831 0.19755586 -0.00065173 0.00075925 0.00055838
395.088000 2.03748279 0.05660298 0.21501416 -0.00064100 0.00082819 0.00059374
395.668000 1.77844363 0.28535511 0.17446089 -0.00054776 0.00080658 0.00058369
396.048000 1.69440241 0.25748290 0.15827777 -0.00052836 0.00083598 0.00066213
396.872000 1.49995493 0.04297859 0.11337009 -0.00051997 0.00084163 0.00048932
397.672000 1.86304647 0.24030247 0.18193307 -0.00047468 0.00087595 0.00034765
398.108000 1.38525006 -0.08570086 0.09626525 -0.00047513 0.00084029 0.00034887
398.340000 1.24508724 -0.07132071 0.08700262 -0.00048109 0.00082039 0.00030116
398.744000 1.21846268 -0.04463312 0.08562697 -0.00048739 0.00079226 0.00030077
398.980000 1.23601447 -0.05487676 0.08983241 -0.00047982 0.00076528 0.00031007
399.900000 1.24200700 -0.06107934 0.09168397 -0.00029134 0.00082168 0.00028193
400.968000 1.28547551 -0.07895057 0.09393532 -0.00035928 0.00098351 0.00000436
401.224000 1.26814602 -0.08291384 0.09234016 -0.00039492 0.00093702 -0.00001292
401.388000 1.27498836 -0.08521001 0.09250659 -0.00038061 0.00098995 -0.00010162
402.032000 1.27260004 -0.08379858 0.09267282 -0.00031800 0.00095988 -0.00014860
402.176000 1.27434454 -0.08337059 0.09231414 -0.00037151 0.00100488 -0.00012207
402.696000 1.27633062 -0.08534284 0.09232617 -0.00036404 0.00101869 -0.00021302
403.040000 1.28021244 -0.08551376 0.09298457 -0.00035999 0.00098368 -0.00009313
404.200000 1.27687868 -0.08374629 0.09177355 -0.00046571 0.00099415 -0.00034905
404.568000 1.28318524 -0.08605562 0.09287079 -0.00050361 0.00096692 -0.00020189
405.900000 1.23079108 -0.05046934 0.08435764 -0.00043423 0.00098952 -0.00014436
406.904000 1.22662975 -0.04534335 0.08346048 -0.00040847 0.00100259 -0.00006537
407.632000 1.22588881 -0.04590488 0.08327346 -0.00050097 0.00101764 0.00001316
408.224000 1.24545720 -0.06960328 0.08632364 -0.00050168 0.00098517 0.00003400
408.328000 1.24409423 -0.06795257 0.08585377 -0.00049239 0.00098178 0.00008406
408.632000 1.24363299 -0.06751538 0.08574840 -0.00051515 0.00097707 0.00013338
408.952000 1.22925245 -0.05683571 0.08373010 -0.00055049 0.00097743 0.00020734
410.036000 1.22029512 -0.04605631 0.08236978 -0.00064740 0.00100046 0.00025866
410.324000 1.22202646 -0.05041624 0.08297502 -0.00066541 0.00099011 0.00028840
410.516000 1.22599406 -0.05266400 0.08343625 -0.00061635 0.00099239 0.00024422
410.812000 1.21939034 -0.05244019 0.08334627 -0.00066929 0.00094116 0.00029193
411.812000 1.31750868 -0.09415566 0.09539002 -0.00069775 0.00106588 0.00039943
413.044000 1.15220149 -0.02991282 0.07664721 -0.00069919 0.00111675 0.00041784
413.588000 1.13392537 -0.02292879 0.07513089 -0.00072495 0.00116611 0.00042625
413.720000 1.12896837 -0.01668162 0.07475186 -0.00075548 0.00115672 0.00044143
414.012000 0.98284169 0.04637843 0.05436060 -0.00077639 0.00124678 0.00043863
414.416000 1.08504597 0.00282511 0.06896831 -0.00077809 0.00118288 0.00046609
415.784000 0.98776632 0.05633358 0.05442981 -0.00076279 0.00116176 0.00054406
416.008000 0.98198694 0.06265372 0.05353695 -0.00078203 0.00116304 0.00058295
416.344000 0.96230515 0.07493639 0.05066850 -0.00081555 0.00121019 0.00058986
416.800000 0.93058915 0.07312184 0.04705867 -0.00088279 0.00111917 0.00079882
417.412000 0.94905845 0.06497274 0.04937102 -0.00085071 0.00115187 0.00090952
418.004000 0.96923134 0.04753066 0.05235940 -0.00087574 0.00114480 0.00092741
418.232000 0.95323532 0.06693846 0.05027520 -0.00088409 0.00116380 0.00092317
418.604000 0.96164676 0.05489668 0.05132343 -0.00089650 0.00117959 0.00090029
418.736000 0.95477595 0.05630276 0.05047953 -0.00091434 0.00117759 0.00091745
420.256000 0.95734905 0.05337546 0.05068424 -0.00097317 0.00118114 0.00083082
421.072000 0.96387489 0.04812280 0.05169560 -0.00098101 0.00118586 0.00075923
421.764000 0.95692185 0.05212971 0.05103504 -0.00101105 0.00119261 0.00092182
422.008000 0.96036804 0.05334217 0.05139659 -0.00101954 0.00118202 0.00101398
422.400000 0.95874890 0.05595137 0.05103520 -0.00105145 0.00118360 0.00100802
422.940000 0.96266951 0.05472824 0.05156261 -0.00105754 0.00117698 0.00098215
423.888000 0.96474476 0.05138630 0.05194036 -0.00103877 0.00118343 0.00093379
424.168000 0.96714229 0.04791526 0.05231513 -0.00103435 0.00118449 0.00089764
424.708000 0.96152422 0.05111673 0.05149931 -0.00104547 0.00119246 0.00079169
425.400000 0.96235961 0.04939372 0.05170582 -0.00107449 0.00118403 0.00070156
426.056000 0.95407285 0.05667799 0.05065932 -0.00111164 0.00119257 0.00073751
426.292000 0.95533903 0.05403295 0.05085355 -0.00112792 0.00118866 0.00074328
426.784000 0.95193857 0.05582157 0.05035846 -0.00112665 0.00119713 0.00069052
427.700000 0.95464731 0.05225078 0.05087867 -0.00110735 0.00120667 0.00055775
428.076000 0.95091400 0.05138422 0.05046142 -0.00112598 0.00120791 0.00054143
429.968000 0.95584858 0.04927147 0.05123072 -0.00117927 0.00122337 0.00067452
431.000000 0.95966760 0.04618246 0.05177658 -0.00120205 0.00123438 0.00081531
431.576000 0.96048141 0.04648999 0.05185044 -0.00119757 0.00124172 0.00085988
431.816000 0.95699461 0.04762830 0.05139813 -0.00118116 0.00125123 0.00080839
432.328000 0.95685123 0.04904001 0.05128670 -0.00120534 0.00124715 0.00080461
432.580000 0.95862635 0.04719644 0.05161540 -0.00121002 0.00124414 0.00083811
433.108000 0.95988073 0.04761996 0.05172474 -0.00121402 0.00123773 0.00090744
433.468000 0.95771826 0.04873794 0.05142217 -0.00119333 0.00124510 0.00091299
434.512000 0.95696145 0.05033583 0.05121820 -0.00119764 0.00124914 0.00096118
435.504000 0.95877598 0.04657965 0.05143659 -0.00127344 0.00126100 0.00098172
436.276000 0.96363204 0.04869633 0.05245862 -0.00130218 0.00126453 0.00098795
436.916000 0.96237688 0.04788167 0.05228794 -0.00131993 0.00126506 0.00102104
437.536000 0.96213912 0.04773972 0.05231066 -0.00132381 0.00127084 0.00105454
437.680000 0.95334495 0.04722503 0.05136579 -0.00131841 0.00126757 0.00108030
438.060000 0.89981168 0.06292520 0.04547217 -0.00129960 0.00127167 0.00113156
438.688000 0.89937891 0.06188382 0.04546657 -0.00128801 0.00126899 0.00117244
439.288000 0.89672423 0.06094726 0.04521021 -0.00129509 0.00127337 0.00121315
439.832000 0.89835139 0.05947220 0.04534091 -0.00128061 0.00129122 0.00120064
441.680000 0.89071784 0.05827498 0.04452996 -0.00127040 0.00130707 0.00121320
442.504000 0.88555385 0.06785759 0.04387002 -0.00130559 0.00129612 0.00124505
443.616000 0.88218311 0.06244818 0.04371577 -0.00136300 0.00128057 0.00125786
443.936000 0.85744969 0.03615771 0.04155238 -0.00143311 0.00128489 0.00125046
444.492000 0.85054097 0.02876330 0.04089697 -0.00144760 0.00130706 0.00125303
445.524000 0.83318326 0.02937348 0.03966374 -0.00148073 0.00131253 0.00129112
446.252000 0.83311160 0.02895964 0.04000413 -0.00147922 0.00132909 0.00132008
446.940000 0.82636248 0.04196284 0.03938968 -0.00145319 0.00133708 0.00129327
448.760000 0.79056326 0.05191251 0.03497628 -0.00146677 0.00133818 0.00123395
449.552000 0.78316583 0.05233902 0.03403068 -0.00149323 0.00132875 0.00126066
449.940000 0.77962972 0.06039937 0.03361220 -0.00150018 0.00135858 0.00129561
450.564000 0.77820806 0.05727689 0.03355305 -0.00147678 0.00134579 0.00130565
451.196000 0.77539175 0.05888037 0.03337734 -0.00145430 0.00135814 0.00128482
452.272000 0.77594075 0.05859694 0.03335135 -0.00145788 0.00136439 0.00134310
452.816000 0.78438235 0.05758278 0.03430830 -0.00143734 0.00138309 0.00137043
453.044000 0.78246024 0.06046718 0.03412967 -0.00142484 0.00138996 0.00138074
453.300000 0.78730602 0.05443671 0.03448143 -0.00142293 0.00138867 0.00135642
453.920000 0.77584010 0.06989322 0.03353032 -0.00143024 0.00137948 0.00140715
454.268000 0.77210122 0.07296119 0.03321859 -0.00140841 0.00138377 0.00138305
454.988000 0.77502665 0.08364520 0.03375137 -0.00142393 0.00139725 0.00140095
456.332000 0.77690929 0.06425459 0.03413893 -0.00139472 0.00139891 0.00137477
456.716000 0.77943603 0.05824665 0.03447039 -0.00141221 0.00139645 0.00137249
457.700000 0.77646255 0.05010431 0.03431375 -0.00140534 0.00138818 0.00137543
458.044000 0.77466322 0.04363613 0.03437986 -0.00138292 0.00139858 0.00138125
459.760000 0.77245405 0.04110044 0.03428895 -0.00136488 0.00142579 0.00136162
459.888000 0.76782061 0.04201732 0.03373966 -0.00136232 0.00143869 0.00134585
460.340000 0.77128427 0.04938440 0.03408689 -0.00138184 0.00142941 0.00135113
460.736000 0.77441813 0.04676112 0.03442585 -0.00139177 0.00144176 0.00134478
460.860000 0.76673852 0.04684249 0.03359552 -0.00139261 0.00142469 0.00133727
461.444000 0.76697110 0.04288294 0.03368831 -0.00141020 0.00142302 0.00135239
461.752000 0.76777422 0.04192131 0.03373252 -0.00141700 0.00142313 0.00134975
462.964000 0.76908942 0.03131730 0.03426023 -0.00145035 0.00145948 0.00137597
463.712000 0.77129892 0.02695927 0.03457116 -0.00146920 0.00145039 0.00142397
464.484000 0.75987333 0.02431893 0.03320736 -0.00145348 0.00144822 0.00145634
464.952000 0.75090358 0.02595571 0.03219564 -0.00146436 0.00145404 0.00147679
465.228000 0.74402194 0.02682579 0.03134553 -0.00148522 0.00146536 0.00149672
465.424000 0.73894797 0.02639927 0.03075673 -0.00149362 0.00144876 0.00147635
466.272000 0.73981331 0.02601385 0.03080871 -0.00152136 0.00145620 0.00147052
467.392000 0.74211566 0.02561829 0.03114413 -0.00154095 0.00146314 0.00147424
468.568000 0.74457059 0.02569750 0.03141756 -0.00155989 0.00147735 0.00150537
469.172000 0.74723785 0.02384031 0.03179644 -0.00156710 0.00147878 0.00151176
470.380000 0.74576121 0.02494006 0.03204974 -0.00158107 0.00149648 0.00156979
471.096000 0.74343435 0.02285542 0.03222878 -0.00158531 0.00151509 0.00159557
473.196000 0.74046486 0.01612853 0.03202766 -0.00158937 0.00156811 0.00165073
474.592000 0.72729250 0.02046751 0.03044351 -0.00158214 0.00153901 0.00168948
475.600000 0.72421609 0.02091322 0.03024465 -0.00157143 0.00151594 0.00171821
476.268000 0.71878972 0.02162611 0.02972205 -0.00159734 0.00152739 0.00173319
476.592000 0.71728398 0.02197396 0.02972449 -0.00161760 0.00153739 0.00175363
476.992000 0.71647760 0.02371648 0.02978060 -0.00161927 0.00154056 0.00175204
477.544000 0.71759348 0.02359262 0.03007003 -0.00162407 0.00154246 0.00177022
477.748000 0.72006506 0.02342006 0.03049325 -0.00162783 0.00154924 0.00177564
478.292000 0.71506226 0.02378010 0.02990812 -0.00162691 0.00157532 0.00177076
478.528000 0.71505989 0.02289574 0.02990190 -0.00163425 0.00157824 0.00177430
478.840000 0.71693091 0.02016520 0.03017948 -0.00163926 0.00157454 0.00176892
479.476000 0.71504060 0.02780852 0.02995343 -0.00165184 0.00159219 0.00178378
481.468000 0.71465927 0.02926297 0.02990479 -0.00166277 0.00160585 0.00177000
482.160000 0.72154617 0.02744536 0.03105932 -0.00168977 0.00159931 0.00175590
482.968000 0.71124346 0.02916344 0.02972715 -0.00168922 0.00161881 0.00178421
483.312000 0.69933158 0.03128658 0.02838685 -0.00166292 0.00164399 0.00178623
483.864000 0.68962195 0.03157102 0.02733907 -0.00164457 0.00168229 0.00178541
484.444000 0.68747710 0.03214833 0.02708681 -0.00168240 0.00167222 0.00183761
484.800000 0.68977110 0.03413998 0.02736214 -0.00166951 0.00167915 0.00180406
485.392000 0.68948988 0.03612060 0.02731895 -0.00167271 0.00169031 0.00180079
486.008000 0.68916867 0.03973708 0.02731986 -0.00167312 0.00168836 0.00177840
486.548000 0.68860111 0.04074835 0.02721741 -0.00169052 0.00168198 0.00182607
487.324000 0.68778303 0.04339016 0.02718131 -0.00170659 0.00169065 0.00181229
487.848000 0.68856777 0.04644636 0.02726035 -0.00171952 0.00169904 0.00182142
488.136000 0.68484812 0.04194913 0.02720966 -0.00172287 0.00170101 0.00181295
488.652000 0.68462551 0.04218668 0.02735316 -0.00173196 0.00170164 0.00184323
489.256000 0.68444545 0.03895501 0.02753063 -0.00173928 0.00170193 0.00185472
490.044000 0.68288359 0.03932604 0.02751945 -0.00174151 0.00171306 0.00185828
490.344000 0.68276535 0.03971910 0.02759644 -0.00175216 0.00172026 0.00185702
490.932000 0.68173416 0.04077356 0.02751759 -0.00176187 0.00173471 0.00186443
491.584000 0.68164700 0.04287625 0.02753943 -0.00177518 0.00172797 0.00186887
491.784000 0.68000402 0.04437163 0.02733777 -0.00178396 0.00173561 0.00186972
492.244000 0.67707886 0.04487937 0.02702356 -0.00178953 0.00173232 0.00186177
492.924000 0.67854606 0.04341774 0.02720720 -0.00181034 0.00172585 0.00183412
494.056000 0.67782105 0.04307645 0.02706998 -0.00181483 0.00173431 0.00183518
495.240000 0.67942111 0.04109781 0.02728827 -0.00186030 0.00173989 0.00185047
496.248000 0.67788904 0.04004804 0.02717569 -0.00188346 0.00175373 0.00186542
497.572000 0.67337764 0.04142556 0.02675547 -0.00194044 0.00177692 0.00181238
497.864000 0.67068713 0.04082022 0.02656299 -0.00194368 0.00178788 0.00176906
498.688000 0.66852378 0.03727257 0.02638242 -0.00198086 0.00179618 0.00176072
499.564000 0.66568369 0.03388881 0.02619142 -0.00197021 0.00180657 0.00176477
499.968000 0.66328172 0.03374602 0.02605800 -0.00197726 0.00181589 0.00176401
500.460000 0.66123528 0.03326001 0.02584003 -0.00199005 0.00182568 0.00176166
500.668000 0.66015295 0.03309738 0.02580363 -0.00200087 0.00183157 0.00176010
502.032000 0.65973786 0.02911518 0.02573920 -0.00202164 0.00185048 0.00179612
502.660000 0.65919241 0.02798089 0.02571033 -0.00204088 0.00186217 0.00186195
503.320000 0.65726343 0.03135948 0.02558217 -0.00204623 0.00186430 0.00188069
504.272000 0.65697523 0.03066430 0.02547304 -0.00206159 0.00187145 0.00189331
504.548000 0.65719466 0.03046387 0.02549088 -0.00207087 0.00187064 0.00190497
505.192000 0.62779823 0.03465037 0.02293550 -0.00204980 0.00188798 0.00188643
505.756000 0.62145957 0.01202879 0.02231639 -0.00204492 0.00188867 0.00188041
506.360000 0.59946931 0.01824366 0.02053390 -0.00203053 0.00189398 0.00186554
506.652000 0.58810340 0.01128463 0.01956298 -0.00202575 0.00189650 0.00185891
507.132000 0.56552219 0.23944233 0.02026247 -0.00200339 0.00191890 0.00183587
507.652000 0.22028321 0.00621437 -0.00994560 -0.00192583 0.00193593 0.00187022
508.096000 0.13694420 0.00072815 -0.01645573 -0.00189333 0.00191854 0.00185880
508.568000 0.12493699 0.00467159 -0.01708662 -0.00187677 0.00188928 0.00184999
508.892000 0.11861489 0.00419984 -0.01755013 -0.00190595 0.00189018 0.00184531
509.184000 0.11970447 0.00450750 -0.01722257 -0.00190973 0.00189917 0.00186080
509.648000 0.11613553 0.00269241 -0.01738132 -0.00192646 0.00190424 0.00183174
510.088000 0.11763736 0.00295422 -0.01704736 -0.00191550 0.00190491 0.00181670
510.360000 0.11809135 0.00293811 -0.01686426 -0.00190825 0.00190473 0.00181881
510.580000 0.11728654 0.00241834 -0.01685756 -0.00191527 0.00190739 0.00183057
510.756000 0.11701910 0.00182184 -0.01671107 -0.00190516 0.00190921 0.00183257
511.224000 0.11949526 0.00229660 -0.01628611 -0.00190482 0.00191024 0.00183312
511.428000 0.12102805 0.00269768 -0.01588730 -0.00192137 0.00191679 0.00186328
511.852000 0.11968044 0.00244030 -0.01590558 -0.00192692 0.00192830 0.00190370
512.072000 0.12063284 0.00249148 -0.01576521 -0.00192768 0.00192949 0.00191077
512.528000 0.12074793 0.00225260 -0.01564265 -0.00192060 0.00193547 0.00193166
512.912000 0.12111509 0.00224333 -0.01549355 -0.00192788 0.00194270 0.00192575
513.156000 0.12107601 0.00212373 -0.01539590 -0.00193412 0.00194814 0.00191575
513.428000 0.12166358 0.00224036 -0.01526596 -0.00193313 0.00195317 0.00192723
513.680000 0.12242394 0.00203206 -0.01503434 -0.00192790 0.00195338 0.00193520
513.960000 0.12370201 0.00226184 -0.01477680 -0.00194187 0.00195385 0.00196158
514.108000 0.12323292 0.00180202 -0.01476685 -0.00194163 0.00195759 0.00201816
514.592000 0.12489722 0.00243757 -0.01458814 -0.00193337 0.00195983 0.00202817
515.084000 0.12623497 0.00114693 -0.01430695 -0.00192529 0.00196505 0.00205837
515.828000 0.12691727 0.00159638 -0.01410998 -0.00190864 0.00197604 0.00207157
517.692000 0.12689729 0.00164159 -0.01408177 -0.00190926 0.00197309 0.00207978
518.328000 0.12691196 0.00168835 -0.01407924 -0.00190960 0.00197353 0.00208232
519.076000 0.12693544 0.00163133 -0.01407562 -0.00191041 0.00197339 0.00208496
519.516000 0.13364430 0.00022533 -0.01258352 -0.00196572 0.00199883 0.00216292
519.944000 0.13508138 0.00049168 -0.01221491 -0.00196009 0.00201423 0.00215923
521.568000 0.13494350 0.00036831 -0.01203142 -0.00201931 0.00201064 0.00217269
521.752000 0.13555052 0.00028421 -0.01183268 -0.00202533 0.00201479 0.00217182
522.568000 0.13560588 0.00021184 -0.01173791 -0.00205861 0.00201902 0.00215916
523.052000 0.13634753 0.00018312 -0.01149164 -0.00206307 0.00202898 0.00217656
523.200000 0.13650392 0.00009927 -0.01144720 -0.00205729 0.00202817 0.00215325
523.336000 0.13638103 -0.00009872 -0.01143598 -0.00206869 0.00203087 0.00216569
523.624000 0.13676118 0.00015600 -0.01139202 -0.00206776 0.00203917 0.00216107
523.828000 0.13728887 0.00014585 -0.01123968 -0.00206967 0.00203878 0.00215177
524.004000 0.13714744 0.00013488 -0.01123700 -0.00208476 0.00203800 0.00214876
524.316000 0.13767508 0.00016045 -0.01106724 -0.00208917 0.00204578 0.00214716
524.464000 0.13818509 0.00013348 -0.01095093 -0.00209109 0.00204998 0.00210621
524.608000 0.13835742 0.00015560 -0.01087781 -0.00209516 0.00205048 0.00209475
524.840000 0.13866952 0.00013464 -0.01077741 -0.00210229 0.00205049 0.00208654
525.500000 0.13920818 0.00028433 -0.01057383 -0.00211259 0.00206316 0.00206642
525.824000 0.13938061 0.00042370 -0.01045960 -0.00212068 0.00206924 0.00209793
526.004000 0.13953097 0.00041739 -0.01043314 -0.00212554 0.00207571 0.00210955
526.228000 0.13988543 0.00033607 -0.01031130 -0.00212846 0.00207375 0.00212034
526.616000 0.14040338 0.00036227 -0.01014676 -0.00212804 0.00207574 0.00214202
526.768000 0.14036352 0.00047678 -0.01013390 -0.00213669 0.00207828 0.00218267
527.160000 0.14092564 0.00048767 -0.00995700 -0.00214031 0.00208609 0.00219338
527.364000 0.14129802 0.00027158 -0.00981082 -0.00216477 0.00207899 0.00221615
527.620000 0.14155894 0.00033121 -0.00969015 -0.00217231 0.00208641 0.00229087
527.900000 0.14177166 0.00036589 -0.00961764 -0.00216804 0.00209303 0.00233624
528.200000 0.14256154 0.00040204 -0.00937888 -0.00216896 0.00209629 0.00234254
529.084000 0.14344122 0.00045434 -0.00905705 -0.00218633 0.00210913 0.00233730
530.804000 0.14472607 0.00061583 -0.00854265 -0.00223163 0.00213412 0.00224927
531.416000 0.14558140 0.00060792 -0.00821641 -0.00224077 0.00214479 0.00234502
531.588000 0.14597363 0.00062568 -0.00809651 -0.00222877 0.00214833 0.00233633
531.796000 0.14629100 0.00069090 -0.00802687 -0.00223250 0.00215723 0.00234148
532.140000 0.14691250 0.00091230 -0.00785578 -0.00221802 0.00217348 0.00236625
532.372000 0.14727273 0.00077900 -0.00771218 -0.00222757 0.00216759 0.00234688
532.648000 0.14757901 0.00083950 -0.00759773 -0.00223761 0.00217358 0.00233537
532.876000 0.14796724 0.00072901 -0.00743950 -0.00225693 0.00217314 0.00236451
533.104000 0.14826736 0.00066993 -0.00727812 -0.00227479 0.00217367 0.00240053
533.688000 0.14938598 0.00090830 -0.00694304 -0.00225793 0.00219638 0.00242085
533.828000 0.14956817 0.00099699 -0.00687255 -0.00225097 0.00220057 0.00240955
534.000000 0.14950123 0.00097527 -0.00687320 -0.00226759 0.00220007 0.00240080
534.240000 0.14985661 0.00094223 -0.00674946 -0.00227019 0.00220573 0.00238956
534.352000 0.14947794 0.00101368 -0.00685060 -0.00226336 0.00220373 0.00234171
534.856000 0.15048653 0.00103717 -0.00654951 -0.00226461 0.00221388 0.00228475
535.428000 0.15046761 0.00113851 -0.00650265 -0.00227343 0.00222252 0.00221596
536.076000 0.15059434 0.00094233 -0.00639817 -0.00229792 0.00221523 0.00228127
536.316000 0.15040114 0.00097529 -0.00642844 -0.00230074 0.00222674 0.00224610
536.508000 0.15102877 0.00099479 -0.00623389 -0.00230455 0.00223263 0.00224218
537.540000 0.15207427 0.00091791 -0.00592079 -0.00229175 0.00222541 0.00222616
537.892000 0.15284379 0.00113123 -0.00558369 -0.00230666 0.00224056 0.00226352
538.776000 0.15378161 0.00124821 -0.00522672 -0.00231785 0.00225480 0.00220762
539.308000 0.15414905 0.00127097 -0.00506507 -0.00232814 0.00226522 0.00222340
539.984000 0.15462094 0.00116459 -0.00482120 -0.00235380 0.00226667 0.00223328
540.220000 0.15516924 0.00110663 -0.00465254 -0.00234622 0.00227024 0.00219911
540.360000 0.15504153 0.00104395 -0.00460835 -0.00236234 0.00227592 0.00218200
540.648000 0.15547468 0.00121387 -0.00448338 -0.00236152 0.00228573 0.00219418
540.988000 0.15559433 0.00129154 -0.00442041 -0.00236831 0.00228831 0.00223775
541.356000 0.15576466 0.00129489 -0.00434801 -0.00237267 0.00229533 0.00224489
541.552000 0.15579973 0.00132900 -0.00431208 -0.00237734 0.00230179 0.00226650
541.840000 0.15584443 0.00136415 -0.00427856 -0.00237923 0.00230008 0.00229608
542.752000 0.15621072 0.00151822 -0.00409055 -0.00239510 0.00231717 0.00223744
543.336000 0.15563635 -0.00010943 -0.00411819 -0.00241930 0.00232925 0.00224373
545.548000 0.15555150 -0.00162521 -0.00412631 -0.00242469 0.00232809 0.00226282
545.816000 0.15545026 -0.00225689 -0.00413208 -0.00242595 0.00232787 0.00226884
546.668000 0.15538089 -0.00268336 -0.00413536 -0.00242664 0.00232763 0.00227323
547.136000 0.15533932 -0.00294809 -0.00413625 -0.00242755 0.00232767 0.00227615
547.420000 0.15774037 0.00198615 -0.00400886 -0.00242500 0.00232553 0.00227799
547.732000 0.05624188 -0.00951860 -0.00786351 -0.00237919 0.00234047 0.00231215
548.384000 0.05821549 -0.00609687 -0.00754938 -0.00240462 0.00233743 0.00228625
548.892000 0.05603710 -0.00501491 -0.00747686 -0.00241356 0.00233338 0.00230569
549.440000 0.05479228 -0.00533342 -0.00737746 -0.00241826 0.00234474 0.00231171
549.764000 0.05455248 -0.00419063 -0.00726986 -0.00243081 0.00235733 0.00232635
550.056000 0.05407994 -0.00423225 -0.00723414 -0.00243915 0.00236769 0.00235035
550.488000 0.05438423 -0.00435766 -0.00706469 -0.00243195 0.00237402 0.00235573
550.760000 0.05423791 -0.00352204 -0.00707370 -0.00244592 0.00237681 0.00237045
551.048000 0.05371752 -0.00340982 -0.00702365 -0.00245919 0.00238416 0.00240646
551.264000 0.05384455 -0.00404132 -0.00697368 -0.00245682 0.00238894 0.00240216
551.500000 0.05400446 -0.00441122 -0.00684048 -0.00245371 0.00239294 0.00237978
551.764000 0.05381936 -0.00278839 -0.00682362 -0.00247995 0.00239358 0.00239335
552.048000 0.05407550 -0.00277556 -0.00671082 -0.00248366 0.00239661 0.00243958
552.364000 0.05436448 -0.00337098 -0.00663491 -0.00247895 0.00240536 0.00247037
552.820000 0.05477539 -0.00357454 -0.00637469 -0.00247235 0.00241111 0.00248645
553.148000 0.05416543 -0.00337714 -0.00634449 -0.00248627 0.00242678 0.00252177
553.328000 0.05471131 -0.00430858 -0.00616746 -0.00246260 0.00243543 0.00246744
553.616000 0.05420708 -0.00238400 -0.00617278 -0.00249580 0.00243284 0.00247926
553.820000 0.05484160 -0.00362588 -0.00602487 -0.00246765 0.00244615 0.00246591
553.936000 0.05453503 -0.00296901 -0.00603704 -0.00248554 0.00244174 0.00245667
554.664000 0.05464993 -0.00333589 -0.00588892 -0.00249203 0.00245393 0.00238440
554.888000 0.05418276 -0.00237945 -0.00586219 -0.00251871 0.00246506 0.00238029
555.124000 0.05433167 -0.00285165 -0.00570204 -0.00252104 0.00246720 0.00239442
555.476000 0.05411263 -0.00327278 -0.00579610 -0.00253267 0.00247029 0.00237567
555.700000 0.05393399 -0.00253566 -0.00570295 -0.00255364 0.00247654 0.00239857
556.164000 0.05382536 -0.00294322 -0.00553735 -0.00254718 0.00248609 0.00238838
556.956000 0.05446673 -0.00329709 -0.00537896 -0.00252200 0.00249401 0.00237971
557.384000 0.05350573 -0.00225593 -0.00528547 -0.00255033 0.00250563 0.00239026
557.656000 0.05318833 -0.00162186 -0.00519642 -0.00255430 0.00251850 0.00239592
557.764000 0.05303443 -0.00106531 -0.00520262 -0.00256735 0.00252127 0.00239673
558.076000 0.05325374 -0.00103775 -0.00515367 -0.00256701 0.00252666 0.00239630
558.352000 0.05338295 -0.00158799 -0.00508118 -0.00255192 0.00253501 0.00239256
558.696000 0.05337848 -0.00125640 -0.00504136 -0.00256374 0.00253562 0.00239849
558.884000 0.05342627 -0.00135457 -0.00500941 -0.00256408 0.00254385 0.00240125
559.020000 0.05358242 -0.00140538 -0.00487962 -0.00255550 0.00254227 0.00239736
559.312000 0.05346898 -0.00110515 -0.00491514 -0.00256740 0.00254337 0.00241756
559.580000 0.05300123 -0.00147948 -0.00514397 -0.00261674 0.00253237 0.00244425
559.812000 0.05332517 -0.00146521 -0.00472072 -0.00261719 0.00252833 0.00244714
560.024000 0.05353050 -0.00122472 -0.00446404 -0.00260677 0.00254203 0.00245928
560.240000 0.05412425 -0.00157560 -0.00432527 -0.00257919 0.00255232 0.00245064
560.552000 0.05433018 -0.00204700 -0.00449910 -0.00257812 0.00256318 0.00243749
560.816000 0.05419259 -0.00193229 -0.00445702 -0.00259132 0.00257092 0.00243309
561.028000 0.05422513 -0.00225327 -0.00438425 -0.00259801 0.00257426 0.00242158
561.268000 0.05435017 -0.00208937 -0.00431533 -0.00260581 0.00257772 0.00241890
561.380000 0.05448583 -0.00185091 -0.00423685 -0.00260885 0.00258587 0.00241088
561.772000 0.05465833 -0.00154976 -0.00417234 -0.00260880 0.00259106 0.00242429
561.984000 0.05465286 -0.00160439 -0.00413502 -0.00261547 0.00259524 0.00241213
562.208000 0.05444960 -0.00167778 -0.00417122 -0.00262249 0.00259547 0.00239919
562.460000 0.05430070 -0.00173788 -0.00412464 -0.00264255 0.00259358 0.00237538
562.688000 0.05439773 -0.00160388 -0.00402620 -0.00264541 0.00260020 0.00237025
562.956000 0.05448198 -0.00192664 -0.00398899 -0.00263413 0.00260053 0.00233739
563.208000 0.05433329 -0.00175863 -0.00403672 -0.00266262 0.00259868 0.00234610
563.368000 0.05400421 -0.00133631 -0.00393322 -0.00266672 0.00261072 0.00232248
563.660000 0.05394585 -0.00112043 -0.00379384 -0.00267135 0.00261712 0.00231255
563.972000 0.05347899 -0.00040870 -0.00371161 -0.00267178 0.00262612 0.00232797
564.300000 0.05336839 -0.00041342 -0.00369492 -0.00268016 0.00262984 0.00232988
564.476000 0.05330862 -0.00042155 -0.00365143 -0.00268238 0.00263090 0.00232645
564.628000 0.05312749 -0.00030036 -0.00361029 -0.00269571 0.00263273 0.00233097
564.776000 0.05319977 -0.00034374 -0.00349630 -0.00269477 0.00262622 0.00233240
564.936000 0.05320039 -0.00023355 -0.00347774 -0.00269412 0.00262896 0.00233846
565.140000 0.05313117 -0.00030000 -0.00347544 -0.00269826 0.00263273 0.00233304
565.464000 0.05320856 -0.00020890 -0.00336971 -0.00269933 0.00263783 0.00233714
565.716000 0.05321399 -0.00029736 -0.00334200 -0.00269745 0.00263701 0.00233231
565.804000 0.05304414 -0.00024668 -0.00333901 -0.00270341 0.00264248 0.00232307
565.964000 0.05309016 -0.00019281 -0.00332464 -0.00269858 0.00264566 0.00232231
566.072000 0.05299253 -0.00011661 -0.00328217 -0.00270777 0.00264947 0.00230845
566.392000 0.05289913 0.00006613 -0.00329835 -0.00272149 0.00265449 0.00231990
566.812000 0.05279855 0.00034417 -0.00328332 -0.00273497 0.00266903 0.00232934
567.072000 0.05295722 0.00032562 -0.00319798 -0.00272380 0.00267619 0.00232730
567.388000 0.05291570 0.00029022 -0.00315769 -0.00273085 0.00268053 0.00232436
567.612000 0.05291346 0.00024932 -0.00309594 -0.00273741 0.00267995 0.00232257
568.020000 0.05313252 -0.00016420 -0.00296945 -0.00272179 0.00267236 0.00228214
568.308000 0.05309814 -0.00012023 -0.00285839 -0.00273040 0.00267849 0.00222807
568.568000 0.05313216 -0.00003354 -0.00276982 -0.00273038 0.00268158 0.00220228
569.156000 0.05296222 0.00048112 -0.00271072 -0.00275543 0.00269645 0.00222993
569.544000 0.05283018 0.00067104 -0.00269976 -0.00277296 0.00270585 0.00226968
569.752000 0.05295182 0.00083090 -0.00256393 -0.00277404 0.00272019 0.00227447
570.108000 0.05298863 0.00078806 -0.00248754 -0.00277439 0.00272255 0.00228766
570.448000 0.05306006 0.00066912 -0.00239135 -0.00277251 0.00271938 0.00229563
570.596000 0.05315843 0.00060715 -0.00234942 -0.00276375 0.00272173 0.00229457
570.748000 0.05325299 0.00054625 -0.00231128 -0.00275665 0.00272421 0.00228207
571.120000 0.05315699 0.00054947 -0.00233622 -0.00276496 0.00272770 0.00227590
571.532000 0.05307019 0.00062991 -0.00231865 -0.00277575 0.00273055 0.00229757
572.084000 0.05310451 0.00073118 -0.00228928 -0.00277552 0.00273915 0.00229237
572.292000 0.05284570 0.00032464 -0.00189838 -0.00278336 0.00272060 0.00228494
572.556000 0.05296935 -0.00081011 -0.00209583 -0.00278107 0.00272010 0.00225472
572.984000 0.05283209 -0.00195167 -0.00254299 -0.00278679 0.00271908 0.00222129
573.176000 0.05233891 -0.00246601 -0.00250304 -0.00279815 0.00274133 0.00223220
573.344000 0.05229759 -0.00282651 -0.00241069 -0.00280234 0.00274099 0.00222603
573.468000 0.05229175 -0.00298438 -0.00232112 -0.00280149 0.00274222 0.00222387
573.648000 0.05226910 -0.00304406 -0.00219499 -0.00280455 0.00274345 0.00222084
574.096000 0.05233462 -0.00350181 -0.00197234 -0.00280625 0.00274073 0.00221175
574.172000 0.05239740 -0.00364983 -0.00191293 -0.00280110 0.00274396 0.00220225
574.376000 0.05237555 -0.00350214 -0.00180835 -0.00280806 0.00275139 0.00220451
574.560000 0.05235224 -0.00307128 -0.00175747 -0.00281339 0.00276347 0.00220675
574.884000 0.05247421 -0.00333064 -0.00168486 -0.00281795 0.00275339 0.00221315
575.268000 0.05210658 -0.00316959 -0.00188929 -0.00282571 0.00276012 0.00222030
575.700000 0.05210707 -0.00289607 -0.00202531 -0.00281949 0.00275405 0.00221630
575.836000 0.05196441 -0.00285574 -0.00201305 -0.00283507 0.00276024 0.00222109
576.024000 0.05195010 -0.00276226 -0.00187124 -0.00283944 0.00276059 0.00222212
576.160000 0.05195387 -0.00263652 -0.00175066 -0.00283426 0.00277447 0.00222524
576.392000 0.05188530 -0.00250639 -0.00172635 -0.00283888 0.00278485 0.00222709
576.548000 0.05181675 -0.00241846 -0.00172974 -0.00283984 0.00280061 0.00222567
576.660000 0.05178177 -0.00240370 -0.00169874 -0.00284309 0.00280884 0.00222588
576.752000 0.05170736 -0.00242595 -0.00171873 -0.00284632 0.00281142 0.00222271
576.964000 0.05172863 -0.00246056 -0.00170955 -0.00283761 0.00281530 0.00221365
577.216000 0.05183881 -0.00238380 -0.00164419 -0.00283463 0.00281911 0.00221500
577.344000 0.05193271 -0.00250736 -0.00159251 -0.00283108 0.00281862 0.00220202
577.484000 0.05203386 -0.00256324 -0.00155949 -0.00282294 0.00282194 0.00219740
577.744000 0.05199165 -0.00249156 -0.00150787 -0.00283720 0.00282515 0.00220626
577.956000 0.05191520 -0.00258159 -0.00152200 -0.00284303 0.00282414 0.00220953
578.196000 0.05199557 -0.00187020 -0.00148789 -0.00284935 0.00282892 0.00223453
578.340000 0.05094213 -0.00194646 -0.00099108 -0.00286246 0.00282575 0.00225433
578.652000 0.05226278 -0.00101452 -0.00141877 -0.00284779 0.00282677 0.00226057
578.972000 0.05239153 -0.00049180 -0.00129541 -0.00284553 0.00283383 0.00226357
579.260000 0.05244490 -0.00027967 -0.00122366 -0.00284375 0.00283669 0.00226995
579.416000 0.05243762 -0.00009303 -0.00110430 -0.00284782 0.00284000 0.00227552
579.740000 0.05242066 0.00010468 -0.00105114 -0.00285309 0.00284191 0.00228162
580.064000 0.05244356 0.00042914 -0.00102462 -0.00284712 0.00285666 0.00228068
580.248000 0.05244774 0.00059005 -0.00102344 -0.00284312 0.00286363 0.00227960
580.464000 0.05231786 0.00074843 -0.00105080 -0.00283978 0.00286491 0.00227226
580.684000 0.05234146 0.00079705 -0.00096723 -0.00285282 0.00286576 0.00228305
580.924000 0.05241768 0.00097167 -0.00092712 -0.00285564 0.00286881 0.00228061
581.364000 0.05232168 0.00098449 -0.00093680 -0.00286464 0.00287540 0.00227282
581.760000 0.05215564 0.00111378 -0.00086836 -0.00288252 0.00288063 0.00226811
581.852000 0.05209339 0.00114068 -0.00087124 -0.00288850 0.00288415 0.00227380
582.200000 0.05208592 0.00113496 -0.00083878 -0.00289006 0.00288090 0.00228813
582.372000 0.05201148 0.00111193 -0.00085754 -0.00289866 0.00287652 0.00230090
582.596000 0.05196188 0.00112810 -0.00086726 -0.00290335 0.00287741 0.00231376
582.936000 0.05199219 0.00121344 -0.00085094 -0.00289792 0.00289020 0.00233493
583.164000 0.05185562 0.00129304 -0.00081165 -0.00291488 0.00289971 0.00235951
583.300000 0.05191683 0.00128644 -0.00078622 -0.00291205 0.00290138 0.00236487
583.492000 0.05198849 0.00128617 -0.00077488 -0.00290467 0.00290180 0.00234639
583.976000 0.05196886 0.00136349 -0.00073855 -0.00291024 0.00291315 0.00234738
584.316000 0.05198091 0.00140451 -0.00066278 -0.00291496 0.00292198 0.00235784
584.472000 0.05193242 0.00138699 -0.00067440 -0.00292153 0.00291689 0.00237350
584.728000 0.05182369 0.00143353 -0.00063658 -0.00293456 0.00292590 0.00239815
584.924000 0.05185876 0.00147674 -0.00060676 -0.00293226 0.00293376 0.00240381
585.068000 0.05185472 0.00150258 -0.00058304 -0.00293434 0.00293519 0.00240796
585.392000 0.05171119 0.00152917 -0.00063950 -0.00294850 0.00294043 0.00242110
585.532000 0.05173147 0.00155277 -0.00059315 -0.00294967 0.00294468 0.00242175
585.628000 0.05171912 0.00154730 -0.00060306 -0.00295133 0.00294299 0.00242009
585.816000 0.05170182 0.00154769 -0.00059107 -0.00295451 0.00294284 0.00242140
586.004000 0.05168721 0.00155463 -0.00060161 -0.00295562 0.00294322 0.00241871
586.224000 0.05166884 0.00162472 -0.00062159 -0.00295493 0.00295558 0.00244363
586.368000 0.05158852 0.00170222 -0.00059724 -0.00296702 0.00297173 0.00247146
586.652000 0.05181388 0.00154065 -0.00060947 -0.00296077 0.00297764 0.00249550
586.768000 0.05194571 0.00146218 -0.00055949 -0.00295960 0.00298193 0.00250565
586.860000 0.05199958 0.00147011 -0.00056392 -0.00296206 0.00298797 0.00251966
587.000000 0.05206549 0.00136743 -0.00057113 -0.00296757 0.00298831 0.00253589
587.160000 0.05210325 0.00134071 -0.00055067 -0.00297024 0.00299178 0.00253829
587.520000 0.05201211 0.00140287 -0.00063460 -0.00297374 0.00299363 0.00253899
587.696000 0.05199358 0.00142152 -0.00063100 -0.00297671 0.00299691 0.00254133
587.884000 0.05198296 0.00139646 -0.00063566 -0.00297788 0.00299405 0.00253665
588.080000 0.05187811 0.00138356 -0.00065502 -0.00298383 0.00299446 0.00253649
588.328000 0.05176980 0.00139162 -0.00058477 -0.00299089 0.00299377 0.00253905
588.472000 0.05178744 0.00137182 -0.00058929 -0.00299263 0.00299334 0.00254147
588.716000 0.05175138 0.00140497 -0.00053609 -0.00299863 0.00299427 0.00255288
588.924000 0.05181258 0.00143370 -0.00053529 -0.00299400 0.00299806 0.00255742
589.140000 0.05212692 0.00144669 -0.00047088 -0.00296808 0.00299925 0.00254630
589.440000 0.05194667 0.00142751 -0.00044867 -0.00299205 0.00299793 0.00253126
589.624000 0.05201603 0.00143575 -0.00037286 -0.00299324 0.00300175 0.00252685
589.764000 0.05199870 0.00145103 -0.00034208 -0.00300117 0.00299973 0.00252906
589.952000 0.05212082 0.00141816 -0.00030197 -0.00299572 0.00300287 0.00252048
590.036000 0.05217915 0.00143498 -0.00027909 -0.00298936 0.00300750 0.00250238
590.512000 0.05207684 0.00145613 -0.00025907 -0.00300775 0.00300762 0.00251488
590.656000 0.05208050 0.00144707 -0.00021752 -0.00300642 0.00301058 0.00252659
591.024000 0.05168459 0.00167783 -0.00020488 -0.00301162 0.00300747 0.00253119
591.280000 0.05144778 0.00177434 -0.00018269 -0.00302464 0.00301358 0.00254609
591.472000 0.05193512 0.00172058 -0.00019699 -0.00303169 0.00301363 0.00255718
591.880000 0.05155382 0.00191914 -0.00011741 -0.00302917 0.00302109 0.00256500
591.992000 0.05167762 0.00190595 -0.00008014 -0.00303142 0.00302491 0.00257213
592.312000 0.05134934 0.00135318 -0.00014391 -0.00303242 0.00303042 0.00256946
592.604000 0.05112317 0.00187331 0.00001542 -0.00303040 0.00302790 0.00258328
593.032000 0.04193037 -0.00121097 -0.00027301 -0.00301162 0.00305419 0.00259569
593.276000 0.04114981 0.00057814 -0.00006817 -0.00300782 0.00307641 0.00266296
593.660000 0.03917600 0.00646641 -0.00000826 -0.00298408 0.00306404 0.00262098
594.104000 0.04140087 0.00946063 0.00005865 -0.00299552 0.00305574 0.00261338
595.044000 0.04055532 0.00844452 0.00013174 -0.00299256 0.00306650 0.00264652
595.652000 0.03948550 0.00684493 0.00015858 -0.00299134 0.00307898 0.00264997
596.048000 0.03952080 0.00764681 0.00028657 -0.00299926 0.00308349 0.00266948
596.340000 0.04072024 0.00932538 0.00035270 -0.00300055 0.00308032 0.00271326
596.784000 0.03976770 0.00760550 0.00039823 -0.00300264 0.00309206 0.00274584
597.824000 0.03977788 0.00836335 0.00057550 -0.00301173 0.00310942 0.00277041
598.052000 0.03958272 0.00832523 0.00060872 -0.00302379 0.00311433 0.00276922
598.428000 0.04004139 0.00958940 0.00072905 -0.00302545 0.00311443 0.00279142
599.200000 0.04023573 0.00890269 0.00084475 -0.00302834 0.00312405 0.00279623
599.880000 0.04037401 0.00946549 0.00099133 -0.00304598 0.00312821 0.00281331
600.632000 0.04053995 0.00948374 0.00098385 -0.00304229 0.00314131 0.00286840
600.984000 0.04067334 0.00943285 0.00108095 -0.00304411 0.00315009 0.00286350
601.936000 0.04144220 0.01077826 0.00125620 -0.00304324 0.00315663 0.00287024
602.232000 0.04107683 0.01059210 0.00118854 -0.00305274 0.00316049 0.00287417
602.436000 0.04127441 0.01020512 0.00128243 -0.00305080 0.00316056 0.00288944
602.620000 0.04151532 0.00993907 0.00133493 -0.00305926 0.00315853 0.00291228
603.396000 0.04156233 0.00962196 0.00139104 -0.00306334 0.00316777 0.00291795
603.864000 0.04166476 0.00957849 0.00139543 -0.00307371 0.00317276 0.00295360
604.412000 0.04161037 0.00927714 0.00137794 -0.00307917 0.00317358 0.00294440
604.996000 0.04143058 0.00952020 0.00148653 -0.00309591 0.00317624 0.00296181
605.420000 0.04127365 0.00915213 0.00148506 -0.00309212 0.00318408 0.00297448
605.628000 0.04114893 0.00872422 0.00146894 -0.00308978 0.00318670 0.00297329
606.328000 0.04111934 0.00916824 0.00154612 -0.00311585 0.00318325 0.00298091
606.872000 0.04132949 0.00929842 0.00153292 -0.00311479 0.00318832 0.00300280
607.784000 0.04155137 0.00905018 0.00157342 -0.00311171 0.00320048 0.00302243
608.420000 0.04148458 0.00906689 0.00164866 -0.00312931 0.00319594 0.00303776
608.608000 0.04145957 0.00900151 0.00166337 -0.00312649 0.00319976 0.00304004
608.908000 0.04151020 0.00915647 0.00171494 -0.00312952 0.00320594 0.00304674
609.264000 0.04159556 0.00915011 0.00168440 -0.00312737 0.00320978 0.00305342
609.740000 0.04151029 0.00909105 0.00167532 -0.00313733 0.00321301 0.00306079
610.608000 0.04154674 0.00934464 0.00169310 -0.00316696 0.00322141 0.00308767
610.816000 0.04189372 0.00925289 0.00172947 -0.00317130 0.00321870 0.00312641
611.904000 0.04222181 0.00915709 0.00179072 -0.00316486 0.00323273 0.00313629
612.052000 0.04244322 0.00925921 0.00181185 -0.00315590 0.00324142 0.00314473
613.032000 0.04259244 0.00950386 0.00183769 -0.00317755 0.00325538 0.00316361
613.796000 0.04254951 0.00951834 0.00187925 -0.00318718 0.00326445 0.00318312
614.268000 0.04266067 0.00943390 0.00196556 -0.00318552 0.00327198 0.00316840
614.532000 0.04258778 0.00952071 0.00197692 -0.00319323 0.00327461 0.00315629
614.924000 0.04261305 0.00963713 0.00205521 -0.00320555 0.00328343 0.00317531
615.136000 0.04264799 0.00955733 0.00208087 -0.00319913 0.00328160 0.00316919
615.464000 0.04260579 0.00966899 0.00209058 -0.00320918 0.00328527 0.00318638
616.304000 0.04264554 0.00973540 0.00218904 -0.00320567 0.00328726 0.00319360
617.044000 0.04280120 0.00993973 0.00234999 -0.00320977 0.00328749 0.00319355
617.540000 0.04276086 0.01000554 0.00236261 -0.00323370 0.00329053 0.00318792
618.040000 0.04283042 0.01004064 0.00247530 -0.00323099 0.00330361 0.00320170
618.376000 0.04275481 0.01025350 0.00236587 -0.00323623 0.00326803 0.00318680
618.820000 0.04289209 0.01001883 0.00250122 -0.00322957 0.00331653 0.00321699
619.324000 0.04286574 0.00997996 0.00255951 -0.00323898 0.00331779 0.00320989
619.436000 0.04282252 0.00979549 0.00258169 -0.00325181 0.00330728 0.00321000
619.848000 0.04278437 0.00956148 0.00264008 -0.00326628 0.00331122 0.00318864
620.112000 0.04324656 0.00943205 0.00245844 -0.00327381 0.00335119 0.00318719
620.620000 0.04322667 0.00956760 0.00271346 -0.00326575 0.00333587 0.00320495
620.908000 0.04313672 0.00978366 0.00289638 -0.00325626 0.00333067 0.00320226
621.576000 0.04316880 0.00975090 0.00294829 -0.00326131 0.00332947 0.00318715
621.876000 0.04315787 0.00980533 0.00298175 -0.00326861 0.00334041 0.00317574
622.284000 0.04320179 0.00988503 0.00300563 -0.00327503 0.00335891 0.00316138
622.628000 0.04332039 0.00988189 0.00304873 -0.00326964 0.00335941 0.00314788
622.852000 0.04332871 0.00985520 0.00299074 -0.00326783 0.00335057 0.00313136
623.128000 0.04330703 0.00998204 0.00296177 -0.00327666 0.00335596 0.00312846
623.892000 0.04339710 0.00972613 0.00298482 -0.00326517 0.00335716 0.00311734
624.184000 0.04335397 0.00950734 0.00310135 -0.00326861 0.00334575 0.00312349
624.628000 0.04316720 0.00923038 0.00293137 -0.00327833 0.00335108 0.00313155
625.068000 0.04323907 0.00925291 0.00285497 -0.00326396 0.00335339 0.00314401
625.640000 0.04318944 0.00944127 0.00296363 -0.00327457 0.00334571 0.00314123
626.188000 0.04313094 0.00944524 0.00319709 -0.00328236 0.00335785 0.00315160
626.616000 0.04328616 0.00894511 0.00299448 -0.00327585 0.00335736 0.00315169
626.936000 0.04338405 0.00890293 0.00314889 -0.00327185 0.00335732 0.00315782
627.088000 0.04347762 0.00851062 0.00313394 -0.00328070 0.00334155 0.00315566
627.952000 0.04352568 0.00860244 0.00327496 -0.00327969 0.00336658 0.00316741
628.956000 0.04353560 0.00788685 0.00317369 -0.00326620 0.00334403 0.00317100
629.344000 0.04357914 0.00780481 0.00317375 -0.00327039 0.00333944 0.00317458
630.028000 0.04355290 0.00751960 0.00328941 -0.00329766 0.00335589 0.00320415
631.312000 0.04345301 0.00781582 0.00322457 -0.00328385 0.00334866 0.00324851
631.764000 0.04351043 0.00779457 0.00319467 -0.00328139 0.00335666 0.00326155
631.896000 0.04346174 0.00775709 0.00325732 -0.00329368 0.00335233 0.00326684
632.836000 0.04349250 0.00780074 0.00318174 -0.00328614 0.00336124 0.00324697
633.428000 0.04346305 0.00780888 0.00322185 -0.00329425 0.00336598 0.00321477
634.044000 0.04341019 0.00783754 0.00319869 -0.00330429 0.00336968 0.00317887
636.092000 0.04339599 0.00781863 0.00327382 -0.00331127 0.00336602 0.00312166
636.460000 0.04337016 0.00777080 0.00329103 -0.00331740 0.00336074 0.00311340
636.808000 0.04337506 0.00779450 0.00323794 -0.00331319 0.00336665 0.00310974
637.508000 0.04334201 0.00777344 0.00332113 -0.00332492 0.00336276 0.00313354
637.812000 0.04341050 0.00771664 0.00331647 -0.00331769 0.00336368 0.00313466
638.004000 0.04337471 0.00770612 0.00334900 -0.00332699 0.00336370 0.00314565
638.452000 0.04331326 0.00771610 0.00333202 -0.00333625 0.00336636 0.00315725
638.828000 0.04339025 0.00770634 0.00343386 -0.00332781 0.00336534 0.00317163
639.172000 0.04330940 0.00770929 0.00345888 -0.00334221 0.00336731 0.00318014
639.560000 0.04371729 0.00762114 0.00355206 -0.00333726 0.00336419 0.00317619
640.436000 0.04367834 0.00735814 0.00347838 -0.00333626 0.00336613 0.00317397
640.664000 0.04384698 0.00696182 0.00339033 -0.00334053 0.00336782 0.00317261
640.872000 0.04393778 0.00695333 0.00332772 -0.00334242 0.00336781 0.00317047
641.100000 0.04421318 0.00561826 0.00331661 -0.00334286 0.00338456 0.00317727
641.372000 0.04403709 0.00486790 0.00338517 -0.00334483 0.00339475 0.00317652
641.640000 0.04240083 0.00504529 0.00338112 -0.00333848 0.00339487 0.00317341
641.792000 0.04276677 0.00705340 0.00341277 -0.00333817 0.00337729 0.00316960
642.220000 0.03785675 0.00806783 0.00346128 -0.00331865 0.00337695 0.00321735
642.568000 0.03637318 0.00760081 0.00359768 -0.00332143 0.00338763 0.00320003
642.760000 0.03726698 0.00832011 0.00373704 -0.00333138 0.00339558 0.00321958
642.972000 0.03579581 0.00847653 0.00369059 -0.00332875 0.00338729 0.00321820
643.228000 0.03563698 0.00924620 0.00371248 -0.00333706 0.00338912 0.00321027
643.424000 0.03340950 0.00765606 0.00362057 -0.00333001 0.00340255 0.00319068
643.548000 0.03333046 0.00797504 0.00345584 -0.00333022 0.00342601 0.00321091
643.644000 0.03290416 0.00845444 0.00341200 -0.00333271 0.00342591 0.00321486
644.048000 0.03162013 0.00759172 0.00375377 -0.00332561 0.00343113 0.00323031
644.176000 0.03157705 0.00746206 0.00372260 -0.00332596 0.00342428 0.00322693
644.264000 0.03146246 0.00773031 0.00373916 -0.00332671 0.00342751 0.00322935
644.540000 0.03156973 0.00779934 0.00385749 -0.00332409 0.00341734 0.00323143
644.684000 0.03163522 0.00789711 0.00387837 -0.00331958 0.00340849 0.00323763
644.936000 0.03138282 0.00772507 0.00389175 -0.00332340 0.00341720 0.00323955
645.168000 0.03123410 0.00763124 0.00390574 -0.00331947 0.00341998 0.00324413
645.392000 0.03156786 0.00785395 0.00394815 -0.00333043 0.00343052 0.00325565
645.612000 0.03128519 0.00816688 0.00405442 -0.00333595 0.00342006 0.00326863
645.768000 0.03075602 0.00716994 0.00410470 -0.00332903 0.00341682 0.00327928
646.008000 0.03074504 0.00678631 0.00407722 -0.00332400 0.00341707 0.00328477
646.188000 0.03102069 0.00717135 0.00433734 -0.00331962 0.00343097 0.00326023
646.508000 0.02948374 0.00689075 0.00389540 -0.00332515 0.00342713 0.00328559
646.600000 0.02927413 0.00695185 0.00386934 -0.00332909 0.00342834 0.00328731
646.852000 0.02955205 0.00731821 0.00401473 -0.00333195 0.00342241 0.00329445
647.056000 0.02984342 0.00811267 0.00413260 -0.00332809 0.00340655 0.00330474
647.252000 0.02998326 0.00839027 0.00409048 -0.00332801 0.00340925 0.00331486
647.444000 0.02968815 0.00853235 0.00386524 -0.00332481 0.00341881 0.00332545
647.596000 0.02959829 0.00860712 0.00389134 -0.00332330 0.00341836 0.00333293
647.776000 0.02922967 0.00863248 0.00394397 -0.00332767 0.00342295 0.00333701
648.052000 0.02930659 0.00864384 0.00419367 -0.00332612 0.00341958 0.00334595
648.276000 0.02905103 0.00807065 0.00444048 -0.00332335 0.00340856 0.00334977
648.424000 0.02900517 0.00781255 0.00435748 -0.00332308 0.00340716 0.00335470
648.872000 0.02838465 0.00815607 0.00413937 -0.00331449 0.00342148 0.00335832
649.248000 0.02774618 0.00833341 0.00414777 -0.00330465 0.00342958 0.00335821
649.492000 0.02749246 0.00830955 0.00418953 -0.00329833 0.00342598 0.00335759
649.632000 0.02773225 0.00840044 0.00424350 -0.00329477 0.00342336 0.00335583
649.868000 0.02789642 0.00875085 0.00428572 -0.00329484 0.00340854 0.00335517
650.016000 0.02839240 0.00920589 0.00425862 -0.00329446 0.00339710 0.00335650
650.276000 0.02839261 0.00909813 0.00430001 -0.00329292 0.00339933 0.00335367
650.408000 0.02834399 0.00899326 0.00427823 -0.00328946 0.00339454 0.00334272
650.604000 0.02814898 0.00876733 0.00431925 -0.00328941 0.00338920 0.00332999
650.712000 0.02825431 0.00881822 0.00431148 -0.00329774 0.00338666 0.00332292
650.932000 0.02821604 0.00876934 0.00428819 -0.00329510 0.00338469 0.00332027
651.108000 0.02834672 0.00879084 0.00431732 -0.00329635 0.00338149 0.00330709
651.396000 0.02842753 0.00883200 0.00434659 -0.00329789 0.00338287 0.00330765
651.528000 0.02854392 0.00886686 0.00437412 -0.00330780 0.00338780 0.00328336
651.712000 0.02868040 0.00891790 0.00433807 -0.00331267 0.00338470 0.00330643
651.960000 0.02857265 0.00890440 0.00429840 -0.00330399 0.00339126 0.00328659
652.240000 0.02867904 0.00891098 0.00434038 -0.00330009 0.00339264 0.00328680
652.368000 0.02862147 0.00888259 0.00433569 -0.00329587 0.00339301 0.00328164
652.704000 0.02865599 0.00890712 0.00430917 -0.00329048 0.00339681 0.00327767
652.872000 0.02861395 0.00891309 0.00433561 -0.00329725 0.00339711 0.00327931
653.072000 0.02848559 0.00888097 0.00431604 -0.00330096 0.00339789 0.00327558
653.224000 0.02859208 0.00891133 0.00431372 -0.00329196 0.00339916 0.00327190
653.384000 0.02870362 0.00893438 0.00431728 -0.00328182 0.00340009 0.00327328
653.608000 0.02858903 0.00886091 0.00431149 -0.00326978 0.00340292 0.00325862
653.980000 0.02872493 0.00896847 0.00439959 -0.00327670 0.00340181 0.00324996
654.228000 0.02875058 0.00896897 0.00438431 -0.00327768 0.00340134 0.00326434
654.428000 0.02862557 0.00893684 0.00435512 -0.00328265 0.00340509 0.00327492
654.584000 0.02849713 0.00886702 0.00440816 -0.00328251 0.00340519 0.00325622
654.696000 0.02841669 0.00880902 0.00442949 -0.00328230 0.00340372 0.00323886
654.980000 0.02853229 0.00884748 0.00449633 -0.00327920 0.00340162 0.00324113
655.108000 0.02855617 0.00885604 0.00451451 -0.00327761 0.00340170 0.00325039
655.404000 0.02835790 0.00877098 0.00449906 -0.00327775 0.00340305 0.00323484
655.652000 0.02844743 0.00885431 0.00454925 -0.00329460 0.00340247 0.00323896
655.788000 0.02844800 0.00883486 0.00455666 -0.00328730 0.00340237 0.00324580
656.028000 0.02840367 0.00880687 0.00453886 -0.00328020 0.00340394 0.00323462
656.264000 0.02846369 0.00883793 0.00457272 -0.00328388 0.00340328 0.00322681
656.424000 0.02849820 0.00883551 0.00461015 -0.00328123 0.00340191 0.00322734
656.608000 0.02849020 0.00885392 0.00457052 -0.00328429 0.00340318 0.00323244
656.920000 0.02858674 0.00891264 0.00464589 -0.00328933 0.00340272 0.00325111
657.068000 0.02852078 0.00884571 0.00464867 -0.00327822 0.00340320 0.00325350
657.336000 0.02852154 0.00884072 0.00463529 -0.00327740 0.00340224 0.00324394
657.544000 0.02872458 0.00891965 0.00465846 -0.00327874 0.00339858 0.00326364
657.748000 0.02864595 0.00883909 0.00467761 -0.00325803 0.00340354 0.00326783
658.052000 0.02871671 0.00891612 0.00469710 -0.00327728 0.00340042 0.00327270
658.200000 0.02859960 0.00885531 0.00468745 -0.00327041 0.00340258 0.00327390
658.520000 0.02866797 0.00890847 0.00482293 -0.00326370 0.00340837 0.00326763
658.768000 0.02871568 0.00884139 0.00481455 -0.00325491 0.00339731 0.00327160
659.088000 0.02890288 0.00889274 0.00491231 -0.00325278 0.00339221 0.00329571
659.372000 0.02868634 0.00875418 0.00490738 -0.00324740 0.00339235 0.00328441
659.728000 0.02872271 0.00880761 0.00494011 -0.00325517 0.00339153 0.00327912
659.844000 0.02876796 0.00883035 0.00495411 -0.00325821 0.00339079 0.00329524
659.996000 0.02868391 0.00878111 0.00495124 -0.00325907 0.00339265 0.00330081
660.208000 0.02875113 0.00878920 0.00500237 -0.00325855 0.00338812 0.00330531
660.408000 0.02858934 0.00872253 0.00495383 -0.00326291 0.00338879 0.00330268
660.500000 0.02859640 0.00874825 0.00498917 -0.00326885 0.00338940 0.00329709
660.704000 0.02865891 0.00876083 0.00497857 -0.00326626 0.00338676 0.00330277
660.928000 0.02859168 0.00869397 0.00499435 -0.00325809 0.00338773 0.00329709
661.056000 0.02865118 0.00874738 0.00499031 -0.00326497 0.00338492 0.00329694
661.184000 0.02859842 0.00871530 0.00499287 -0.00325881 0.00338783 0.00329489
661.320000 0.02871597 0.00873967 0.00503086 -0.00325156 0.00338527 0.00328915
661.492000 0.02866934 0.00869543 0.00502651 -0.00324726 0.00338476 0.00328195
661.712000 0.02866901 0.00866349 0.00508869 -0.00324685 0.00338176 0.00326677
661.924000 0.02882117 0.00879533 0.00503807 -0.00324059 0.00338038 0.00327173
662.060000 0.02870214 0.00863484 0.00492762 -0.00323452 0.00338376 0.00326696
662.196000 0.02874589 0.00874339 0.00512260 -0.00324430 0.00338113 0.00325980
662.368000 0.02865835 0.00871097 0.00512064 -0.00323642 0.00338438 0.00324346
662.744000 0.02860803 0.00873171 0.00507884 -0.00325547 0.00338135 0.00324794
662.896000 0.02857010 0.00874984 0.00509224 -0.00326151 0.00338349 0.00325282
663.268000 0.02851873 0.00870278 0.00502576 -0.00325392 0.00338538 0.00325553
663.404000 0.02850130 0.00866065 0.00504849 -0.00324744 0.00338417 0.00324992
663.676000 0.02850465 0.00865102 0.00511260 -0.00324637 0.00338465 0.00325267
663.800000 0.02842519 0.00861028 0.00510679 -0.00324437 0.00338418 0.00324191
664.108000 0.02836754 0.00860732 0.00513959 -0.00325604 0.00338285 0.00324982
664.392000 0.02834414 0.00860485 0.00522538 -0.00325497 0.00338522 0.00324703
664.532000 0.02831394 0.00859881 0.00526301 -0.00326028 0.00338333 0.00323682
664.664000 0.02833967 0.00863523 0.00524141 -0.00326135 0.00338425 0.00323398
664.936000 0.02836525 0.00858744 0.00524934 -0.00325090 0.00337815 0.00322774
665.192000 0.02841351 0.00858512 0.00528565 -0.00324728 0.00337532 0.00323333
665.520000 0.02849610 0.00862441 0.00533140 -0.00324526 0.00337147 0.00325019
665.696000 0.02853998 0.00864274 0.00524101 -0.00323186 0.00337443 0.00325272
665.924000 0.02861627 0.00859942 0.00535683 -0.00322271 0.00336855 0.00326500
666.248000 0.02876209 0.00853649 0.00546582 -0.00319042 0.00336355 0.00327071
666.576000 0.02857646 0.00855620 0.00525160 -0.00319760 0.00337428 0.00326582
666.972000 0.02840669 0.00852213 0.00513545 -0.00322517 0.00337813 0.00326983
667.084000 0.02847300 0.00853249 0.00510508 -0.00321886 0.00338021 0.00327704
667.740000 0.02829730 0.00833995 0.00528225 -0.00323719 0.00335143 0.00328015
668.124000 0.02832534 0.00832591 0.00537448 -0.00323610 0.00335007 0.00330144
668.360000 0.02832609 0.00832961 0.00552972 -0.00323106 0.00335683 0.00331090
668.580000 0.02833063 0.00831490 0.00557187 -0.00323232 0.00335257 0.00332293
668.800000 0.02842030 0.00828211 0.00561343 -0.00322124 0.00335592 0.00330176
669.328000 0.02844288 0.00825694 0.00582923 -0.00321723 0.00335396 0.00329318
669.772000 0.02849376 0.00823170 0.00593653 -0.00321165 0.00335246 0.00329275
670.300000 0.02847995 0.00820636 0.00592048 -0.00321474 0.00335000 0.00329146
670.460000 0.02844549 0.00820343 0.00587060 -0.00322199 0.00335184 0.00330293
670.912000 0.02832093 0.00828846 0.00511162 -0.00322998 0.00336591 0.00330162
671.340000 0.02825556 0.00823619 0.00489059 -0.00323377 0.00335683 0.00329789
672.072000 0.02821635 0.00813453 0.00454302 -0.00322964 0.00334375 0.00329733
672.244000 0.02833737 0.00816755 0.00489584 -0.00321753 0.00334292 0.00328874
672.412000 0.02835178 0.00815612 0.00487205 -0.00321388 0.00334004 0.00328675
672.720000 0.02835446 0.00812789 0.00469842 -0.00320711 0.00333541 0.00328287
672.884000 0.02837897 0.00814955 0.00468251 -0.00320172 0.00333667 0.00327768
673.244000 0.02841215 0.00807402 0.00470191 -0.00319376 0.00332132 0.00327833
673.544000 0.02850476 0.00806592 0.00500938 -0.00318557 0.00331201 0.00327462
673.780000 0.02849985 0.00804898 0.00503811 -0.00318794 0.00330862 0.00327162
674.088000 0.02854046 0.00802089 0.00527752 -0.00318801 0.00329905 0.00326808
674.296000 0.02853840 0.00804212 0.00515775 -0.00318275 0.00330505 0.00326637
674.652000 0.02861302 0.00800170 0.00542705 -0.00317656 0.00329091 0.00326393
675.308000 0.02855714 0.00795820 0.00528332 -0.00318081 0.00328545 0.00325987
675.468000 0.02851256 0.00800040 0.00508863 -0.00318274 0.00330095 0.00325425
676.016000 0.02862698 0.00793535 0.00538593 -0.00316993 0.00327919 0.00324824
676.228000 0.02866190 0.00796669 0.00537341 -0.00316288 0.00328332 0.00324742
676.456000 0.02867802 0.00796589 0.00539122 -0.00315949 0.00328333 0.00324293
676.996000 0.02882677 0.00797916 0.00579722 -0.00314443 0.00327438 0.00323065
677.188000 0.02872348 0.00796041 0.00537712 -0.00314623 0.00328085 0.00323181
677.560000 0.02874222 0.00793085 0.00541153 -0.00314332 0.00327558 0.00322905
677.892000 0.02882289 0.00795442 0.00565127 -0.00313685 0.00327093 0.00322643
678.376000 0.02882248 0.00795465 0.00565114 -0.00146590 0.00238388 0.00066778
678.596000 0.02882248 0.00795470 0.00565112 -0.00464443 0.00388337 0.00801472
679.072000 0.02882257 0.00795506 0.00565109 -0.00087030 0.00232493 0.00016191
679.324000 0.02882254 0.00795500 0.00565111 -0.00496349 0.00272337 0.00754616
679.592000 0.02882252 0.00795507 0.00565111 -0.00171780 0.00260454 0.00086729
679.788000 0.02882255 0.00795508 0.00565111 -0.00380888 0.00203188 0.00211026
680.172000 0.02882242 0.00795522 0.00565111 -0.00138240 0.00350272 0.00341443
680.540000 0.02882241 0.00795521 0.00565111 -0.00088558 0.00296776 -0.00184163
680.724000 0.02882238 0.00795502 0.00565112 -0.00471054 0.00163953 0.00725993
680.908000 0.02882237 0.00795505 0.00565113 -0.00328472 0.00276648 0.00404616
681.004000 0.02882237 0.00795506 0.00565112 -0.00251659 0.00220810 0.00302590
681.440000 0.02882240 0.00795518 0.00565112 -0.00160302 0.00257997 -0.00084039
681.532000 0.02882237 0.00795514 0.00565105 -0.01155999 0.00340270 0.00795886
681.644000 0.02882238 0.00795518 0.00565104 0.00209102 0.00222845 -0.00445103
681.824000 0.02882233 0.00795509 0.00565109 0.00136884 0.00336069 0.00360923
682.124000 0.02882242 0.00795496 0.00565109 -0.00468484 0.00060746 0.00491940
682.240000 0.02882241 0.00795496 0.00565109 -0.00756022 0.00182211 0.00735898
682.424000 0.02882242 0.00795526 0.00565107 0.00265524 0.00181213 -0.00650018
682.588000 0.02882240 0.00795512 0.00565106 -0.00580967 0.00012173 0.00878522
682.724000 0.02882240 0.00795523 0.00565108 0.00067114 0.00330099 -0.00509157
682.968000 0.02882237 0.00795506 0.00565108 -0.00533087 0.00225332 0.00803214
683.132000 0.02882236 0.00795506 0.00565108 0.00303687 0.00263591 -0.00512635
683.288000 0.02882237 0.00795506 0.00565108 -0.00191014 0.00151712 0.00054884
683.420000 0.02882237 0.00795508 0.00565105 -0.00347063 0.00285699 0.00454113
683.512000 0.02882238 0.00795510 0.00565105 -0.00275234 0.00244417 0.00197269
683.592000 0.02882239 0.00795511 0.00565104 -0.00459777 0.00285805 0.00418954
683.848000 0.02882235 0.00795519 0.00565103 0.00071970 0.00317115 -0.00078549
684.188000 0.02882240 0.00795502 0.00565102 -0.00420822 0.00164054 0.00359583
684.380000 0.02882240 0.00795504 0.00565102 -0.00318105 0.00172340 0.00481722
684.836000 0.02882229 0.00795505 0.00565102 -0.00335647 0.00247518 0.00299905
685.028000 0.02882229 0.00795507 0.00565102 0.00094288 0.00201086 -0.00556992
685.220000 0.02882228 0.00795512 0.00565101 -0.00177747 0.00286674 0.00327958
685.400000 0.02882228 0.00795507 0.00565101 -0.00694418 0.00212205 0.00884129
685.632000 0.02882226 0.00795516 0.00565101 -0.00266605 0.00237238 0.00350298
685.920000 0.02882226 0.00795518 0.00565102 -0.00159348 0.00216580 0.00109522
686.056000 0.02882227 0.00795519 0.00565102 0.00154018 0.00253496 -0.00199928
686.152000 0.02882226 0.00795517 0.00565103 -0.00461627 0.00198390 -0.00002273
