#timestamppx py pz qx qy qz qw
328.516000 0.00136758 -0.01002623 0.00046995 0.00078011 0.00185403 0.00092909 0.99999755
331.048000 -0.02179968 -0.00042042 0.01204596 0.00007113 0.01109183 0.00046169 0.99993837
331.344000 0.00632714 -0.01315810 0.00313349 -0.00201092 0.02356813 0.00118996 0.99971950
331.764000 0.00868632 -0.01313920 0.00424550 -0.00465769 0.04003318 0.00142018 0.99918649
332.348000 0.00842249 -0.01577337 0.00153516 -0.00702529 0.05331502 0.00173512 0.99855152
332.456000 0.00661489 -0.01127862 -0.00058413 -0.00797379 0.06315169 0.00170965 0.99797062
332.868000 0.01223100 -0.01631886 0.00196648 -0.01015927 0.07195699 0.00220771 0.99735355
333.072000 0.00809132 -0.01054311 -0.00227511 -0.01436604 0.08539198 0.00258204 0.99624051
333.516000 0.00515118 -0.00630057 -0.00582380 -0.01778536 0.09411714 0.00293506 0.99539793
334.712000 0.00609410 -0.00707614 -0.00434329 -0.01912089 0.09555795 0.00330029 0.99523473
335.296000 0.00951956 -0.01167400 -0.00842168 -0.01645712 0.09522586 0.00322229 0.99531443
335.792000 0.00663365 -0.00964231 -0.00534103 -0.01350646 0.09594346 0.00286240 0.99529103
337.856000 0.00607897 -0.00796599 0.00192547 -0.00867432 0.09631654 0.00265598 0.99530941
338.080000 0.00605525 -0.00530309 0.00133871 -0.00668709 0.09593963 0.00232879 0.99536197
338.800000 0.00556805 -0.00329333 0.00494891 -0.00372887 0.09645411 0.00207038 0.99532829
339.048000 0.00461127 -0.00496194 -0.00469853 -0.00361623 0.09548950 0.00204335 0.99542177
339.872000 0.00521484 -0.00524997 -0.00485791 -0.00407242 0.09540804 0.00215736 0.99542758
340.260000 0.00516563 -0.00682311 -0.00671926 -0.00358496 0.09526885 0.00221111 0.99544267
340.848000 0.00494446 -0.00627272 -0.00990411 -0.00687675 0.09502023 0.00256337 0.99544829
340.984000 0.00553805 -0.00965154 -0.01289272 -0.00824242 0.09312472 0.00279792 0.99561640
341.996000 0.00472086 -0.01067530 -0.02309853 -0.01535798 0.09350749 0.00359508 0.99549363
342.756000 0.00399263 -0.01133998 -0.02661076 -0.01923565 0.09295852 0.00411173 0.99547566
343.308000 0.00863878 -0.01977327 -0.01473494 -0.02301379 0.09107217 0.00477953 0.99556686
343.792000 0.01075239 -0.03036280 0.00751022 -0.02342015 0.08937490 0.00529901 0.99570856
344.588000 0.00929885 -0.03275678 0.00148400 -0.02445310 0.08901252 0.00550007 0.99571510
345.132000 0.00469078 -0.02929864 -0.00696798 -0.02328562 0.08813289 0.00525284 0.99582267
345.792000 0.00268159 -0.02548617 -0.01796535 -0.01727912 0.08715407 0.00453345 0.99603466
346.004000 0.00283283 -0.02194196 -0.01950506 -0.01051762 0.09304089 0.00381622 0.99559942
346.224000 0.00331821 -0.02448170 -0.02596057 -0.03058627 0.08450845 0.00551015 0.99593797
346.540000 0.00495326 -0.02471263 -0.02026935 -0.02352858 0.08627140 0.00508112 0.99598084
348.072000 0.00906428 -0.03022698 -0.02472936 -0.03985029 0.07746109 0.00640485 0.99617805
348.480000 0.00991475 -0.03558059 -0.01951925 -0.02171928 0.09285611 0.00552253 0.99542730
349.148000 0.01041151 -0.03991844 -0.01176074 -0.02696880 0.08436200 0.00600674 0.99605203
349.664000 0.00376676 -0.04386309 -0.02559806 -0.01987689 0.09201301 0.00580272 0.99554249
350.192000 0.00718821 -0.04485989 -0.01252155 -0.02948358 0.08704319 0.00665782 0.99574589
350.820000 0.00452083 -0.04664452 0.00066578 -0.02054873 0.09274831 0.00612491 0.99545868
351.040000 0.00736406 -0.04350363 0.00582679 0.01331099 0.10330271 0.00277754 0.99455701
351.340000 0.00527493 -0.03595211 0.00810536 0.01510369 0.09541836 0.00256633 0.99531936
351.988000 0.00463555 -0.03730438 0.01230544 0.01445370 0.09451217 0.00272124 0.99541506
352.420000 0.00549552 -0.03906439 0.01106131 0.01391581 0.09443402 0.00289672 0.99542964
353.312000 0.00601871 -0.04049067 0.01703659 0.01146075 0.09382594 0.00330440 0.99551717
353.900000 0.00726199 -0.04211222 0.01514803 0.01051699 0.09334982 0.00347287 0.99557177
354.728000 0.00808189 -0.04491030 0.01552604 0.00859716 0.09204486 0.00384119 0.99571034
355.784000 0.00700892 -0.04540587 0.01325047 0.00552642 0.09066682 0.00438630 0.99585629
356.052000 0.00870637 -0.04727808 0.02178927 0.00571281 0.09136639 0.00437626 0.99579134
356.768000 0.00719177 -0.05070088 0.03152590 -0.00063049 0.08935705 0.00508811 0.99598646
357.120000 0.00804219 -0.04722201 0.01789291 0.00300659 0.09094350 0.00475716 0.99584015
357.428000 0.00825752 -0.04566085 0.01596978 0.00282339 0.09166369 0.00485464 0.99577419
357.812000 0.00898320 -0.05015620 0.02562525 -0.00004968 0.09076781 0.00522001 0.99585840
358.212000 0.00869339 -0.05179949 0.02252467 -0.00121462 0.09022110 0.00539303 0.99590642
358.588000 0.00807981 -0.05148970 0.01949664 -0.00115759 0.09034572 0.00544977 0.99589488
360.016000 0.00659084 -0.05306417 0.02370745 -0.00833211 0.08738092 0.00632509 0.99612004
360.680000 0.00849814 -0.05481936 0.02511764 -0.00966867 0.08660296 0.00648613 0.99617487
360.792000 0.00867657 -0.05707533 0.02423477 -0.01099500 0.08368622 0.00666900 0.99640918
361.484000 0.00868049 -0.06248252 0.03564805 -0.01216178 0.07110009 0.00688037 0.99737131
362.276000 0.01068098 -0.05846127 0.02551561 -0.00939783 0.09971155 0.00698648 0.99494747
362.936000 0.00906603 -0.05914545 0.01754139 -0.02022276 0.07579211 0.00758424 0.99688970
363.380000 0.00819789 -0.06096135 0.00785193 -0.00833138 0.09501894 0.00689639 0.99541671
363.708000 0.00707189 -0.05790137 0.00117104 -0.01687022 0.08677650 0.00748671 0.99605682
364.116000 0.00778644 -0.05733829 -0.00037728 -0.01727338 0.07968950 0.00744969 0.99664222
365.076000 0.00375815 -0.06085901 -0.03883303 -0.00928618 0.08480858 0.00693563 0.99632985
365.868000 0.00426559 -0.06043660 -0.01843364 -0.00774308 0.08147240 0.00685516 0.99662194
366.160000 0.00618899 -0.06074031 -0.00719003 -0.00615511 0.08031463 0.00676925 0.99672757
366.576000 0.00547211 -0.05730489 -0.00350315 -0.00743659 0.07742740 0.00684058 0.99694679
366.864000 0.00682121 -0.05855136 -0.00184366 -0.00932721 0.08292878 0.00700118 0.99648723
367.364000 0.00446236 -0.06002612 0.00374975 -0.00836380 0.07665817 0.00701328 0.99699769
368.096000 0.00465096 -0.06538811 0.00941237 -0.01154347 0.08206003 0.00772430 0.99653060
368.540000 0.00408440 -0.06285294 0.00611606 -0.00995872 0.07822425 0.00746282 0.99685811
369.240000 0.00485025 -0.05883864 0.00418696 -0.00896515 0.09141007 0.00740461 0.99574545
371.264000 0.00861218 -0.06647878 -0.00265069 -0.00773726 0.08597331 0.00778146 0.99623701
372.628000 0.00626264 -0.06360208 0.00266311 -0.00769366 0.08544539 0.00780555 0.99628257
373.428000 0.00796607 -0.07004736 0.00206094 -0.00782831 0.08405830 0.00799208 0.99639804
373.816000 0.00764453 -0.07064919 -0.00476664 -0.00700475 0.08479182 0.00793961 0.99634243
374.352000 0.00623379 -0.06958705 -0.00615498 -0.00665342 0.08557706 0.00801106 0.99627713
374.824000 0.00600346 -0.07498488 -0.00422331 -0.00722177 0.08534996 0.00834257 0.99628993
375.172000 0.00603786 -0.07634826 -0.00044438 -0.00786847 0.08575481 0.00852412 0.99624873
375.628000 0.00574593 -0.07870564 0.00524574 -0.00830329 0.08458701 0.00867276 0.99634375
375.812000 0.00617723 -0.07901766 0.00587686 -0.00943778 0.08853689 0.00884507 0.99598891
376.536000 0.00569412 -0.08526679 0.00881457 -0.01003859 0.08777014 0.00919843 0.99604770
377.332000 0.00573137 -0.08687981 0.00521005 -0.01024250 0.08654347 0.00937328 0.99615132
378.180000 0.00650233 -0.08572164 0.01167817 -0.01162317 0.08233867 0.00948682 0.99649147
378.292000 0.00577188 -0.08140556 0.00105311 -0.00705216 0.08586516 0.00902708 0.99624091
378.516000 0.00579518 -0.08302285 -0.00181773 -0.00614923 0.08725476 0.00902846 0.99612614
379.516000 0.00591546 -0.08268389 -0.00102503 -0.00717130 0.08653189 0.00924937 0.99618033
379.768000 0.00594571 -0.08605236 -0.00074026 -0.00674060 0.08586758 0.00941803 0.99623924
380.560000 0.00640279 -0.08363643 -0.00050622 -0.00633968 0.08536463 0.00935243 0.99628571
380.864000 0.00699708 -0.08635230 -0.00180690 -0.00602809 0.08510777 0.00943183 0.99630887
381.644000 0.00695710 -0.08821955 -0.00280149 -0.00583841 0.08500685 0.00950443 0.99631793
382.144000 0.00569158 -0.08829303 -0.00029583 -0.00590286 0.08511954 0.00964560 0.99630657
382.708000 0.00632721 -0.09321098 0.00825561 -0.00638508 0.09335497 0.00989633 0.99556323
383.524000 0.00706608 -0.09994087 0.00530375 -0.00373487 0.09001946 0.01008099 0.99588198
384.628000 0.00505214 -0.10589532 0.00505419 -0.00381405 0.08694626 0.01045294 0.99615086
385.328000 0.00760720 -0.10181703 0.00439668 -0.00918017 0.08466960 0.01076754 0.99630861
385.744000 0.00762759 -0.10090847 0.00756554 -0.00733042 0.08381022 0.01054803 0.99639894
386.904000 0.00804330 -0.10148783 0.01078790 -0.00719089 0.08380544 0.01069778 0.99639876
387.940000 0.00634513 -0.09286559 0.01367307 -0.00296194 0.08349632 0.01003276 0.99645318
388.652000 0.00751450 -0.09006466 0.01767430 -0.00567034 0.09573466 0.01034127 0.99533702
388.932000 0.00609122 -0.08648916 0.00633413 -0.00474537 0.09029039 0.01003161 0.99585365
389.876000 0.00695578 -0.08927530 0.00154595 -0.00960096 0.10104425 0.01067314 0.99477835
390.332000 0.00573362 -0.08643683 0.00615147 -0.00751077 0.09141660 0.01039703 0.99573013
391.460000 0.00549359 -0.08745900 0.00944381 -0.00398169 0.09129256 0.01020371 0.99576388
391.604000 0.00640028 -0.08547178 0.00922026 -0.01006039 0.09314455 0.01074050 0.99554383
391.836000 0.00270350 -0.08443192 0.00360224 -0.00325492 0.09088351 0.01011090 0.99580488
393.580000 0.00082092 -0.08985820 -0.00370785 -0.00167389 0.08439680 0.01028387 0.99637775
394.292000 -0.00011897 -0.08645780 -0.01320619 -0.00547688 0.09686416 0.01068285 0.99522521
395.088000 -0.00853895 -0.07639773 -0.03998011 -0.00224434 0.10287215 0.01002280 0.99464156
395.668000 0.00600737 -0.08979887 -0.00174586 -0.01444361 0.09082201 0.01185035 0.99569188
396.048000 0.00429948 -0.09390105 -0.00685653 -0.01312910 0.08635061 0.00969521 0.99613112
396.872000 0.00412357 -0.08095543 -0.01637840 -0.00147591 0.07619801 0.01741470 0.99693952
397.672000 0.04963621 -0.06840088 0.13630324 -0.01339484 0.09600590 0.01919584 0.99510550
398.108000 0.10211063 -0.05933624 0.44199372 0.00408174 0.06821750 0.01630917 0.99752881
398.340000 0.12854330 -0.05478428 0.64506482 0.00357660 0.06015001 0.01569624 0.99805952
398.744000 0.16176968 -0.05010716 0.92710685 0.00339270 0.05845918 0.01474040 0.99817520
398.980000 0.16938617 -0.06449822 1.02593978 0.00344104 0.06102334 0.01444131 0.99802593
399.900000 0.12399604 -0.08283250 1.05553175 0.00198230 0.06560449 0.01205871 0.99777087
400.968000 0.08818112 -0.06327898 0.96440664 0.00236385 0.06762209 0.01276390 0.99762656
401.224000 0.08729904 -0.07815293 0.96383494 0.00335854 0.06665724 0.01279405 0.99768825
401.388000 0.08973335 -0.08606755 0.96030373 0.00343542 0.06650142 0.01362702 0.99768736
402.032000 0.09677568 -0.08538961 0.94474191 0.00289850 0.06538788 0.01401828 0.99775724
402.176000 0.09901431 -0.09648253 0.94227154 0.00315150 0.06575556 0.01390974 0.99773383
402.696000 0.10432843 -0.09048827 0.93409405 0.00236225 0.06473104 0.01489296 0.99778881
403.040000 0.11420061 -0.10046820 0.92886382 0.00348307 0.06561909 0.01353889 0.99774681
404.200000 0.12530608 -0.07273385 0.93131867 0.00381296 0.06492431 0.01526489 0.99776614
404.568000 0.12578107 -0.10568246 0.92779069 0.00440910 0.06542958 0.01474726 0.99773847
405.900000 0.14178759 -0.10417283 0.97585011 0.00036703 0.06289487 0.01265171 0.99793990
406.904000 0.14865118 -0.10942759 0.96612121 0.00014763 0.06221232 0.01155397 0.99799605
407.632000 0.14619153 -0.10902216 0.95932358 0.00122314 0.06178734 0.00966182 0.99804182
408.224000 0.14879815 -0.09875439 0.94774434 0.00086178 0.06361869 0.01024564 0.99792131
408.328000 0.14830193 -0.10481352 0.95088257 0.00078794 0.06338780 0.00935094 0.99794485
408.632000 0.14789951 -0.09553878 0.95068832 0.00165854 0.06303726 0.00854264 0.99797323
408.952000 0.14470630 -0.10291887 0.94813563 0.00051992 0.06222680 0.00744993 0.99803409
410.036000 0.12844479 -0.09473325 0.94736715 0.00136811 0.06371076 0.00721859 0.99794136
410.324000 0.12633678 -0.09503195 0.93830196 0.00177629 0.06315244 0.00789470 0.99797109
410.516000 0.12414766 -0.09296782 0.93422570 0.00102872 0.06259660 0.00775264 0.99800827
410.812000 0.12315714 -0.09562079 0.91834603 0.00148964 0.06382899 0.00712829 0.99793428
411.812000 0.56894719 -0.11961837 0.91868211 0.00411959 0.09755675 0.00669777 0.99519890
413.044000 1.84888365 -0.09942313 0.78755332 -0.00091626 0.05626479 0.00539555 0.99840088
413.588000 2.36912812 -0.08136690 0.71899615 0.00113160 0.05677762 0.00613782 0.99836734
413.720000 2.48205522 -0.09591640 0.69923849 0.00043683 0.05671784 0.00640678 0.99836960
414.012000 2.71981570 -0.11041251 0.76523668 -0.00119473 0.01785320 0.00630334 0.99982004
414.416000 2.97875207 -0.12103251 0.66551802 -0.00010452 -0.01135426 0.00644933 0.99991473
415.784000 2.99694892 -0.16852939 0.69228687 -0.00463491 0.05580663 0.00486220 0.99841900
416.008000 2.97088641 -0.16529067 0.68878221 -0.00489833 0.05540757 0.00534558 0.99843750
416.344000 2.99737246 -0.16171150 0.69664200 -0.00434766 0.05225582 0.00433077 0.99861488
416.800000 3.00375970 -0.20251113 0.71037656 -0.00505201 0.04868896 0.00124440 0.99880044
417.412000 3.03306213 -0.20457562 0.69927665 -0.00503677 0.04587938 0.00041980 0.99893420
418.004000 3.04472311 -0.20087697 0.68784087 -0.00380768 0.04770758 -0.00040503 0.99885401
418.232000 3.12063408 -0.21811214 0.68807319 -0.00467829 0.04681166 -0.00150731 0.99889164
418.604000 3.11907230 -0.21643833 0.68131787 -0.00315119 0.04847653 0.00096490 0.99881888
418.736000 3.12032656 -0.22135284 0.68096891 -0.00340323 0.04838491 0.00040027 0.99882289
420.256000 3.11834594 -0.20489098 0.68898452 -0.00299259 0.04790668 0.00217726 0.99884496
421.072000 3.11579532 -0.19373749 0.69041832 -0.00221877 0.04909145 0.00337690 0.99878611
421.764000 3.11270189 -0.21475727 0.68925471 -0.00308938 0.04878730 0.00060554 0.99880423
422.008000 3.12026173 -0.20722969 0.68914919 -0.00463516 0.04881587 -0.00022782 0.99879701
422.400000 3.12323196 -0.20780346 0.69953558 -0.00323651 0.04953089 0.00014655 0.99876734
422.940000 3.14301912 -0.21189299 0.87477152 -0.00272307 0.04966570 0.00037185 0.99876212
423.888000 3.18014596 -0.22619422 1.36995197 -0.00423568 0.04957252 0.00115949 0.99876087
424.168000 3.19165496 -0.22951691 1.50982328 -0.00436948 0.04915588 0.00222148 0.99877909
424.708000 3.20361169 -0.23127034 1.78042616 -0.00380120 0.04938842 0.00350106 0.99876628
425.400000 3.22213152 -0.22912195 2.10327638 -0.00437407 0.04944385 0.00553972 0.99875196
426.056000 3.23056384 -0.23195767 2.19390043 -0.00474873 0.04954831 0.00706359 0.99873546
426.292000 3.23302576 -0.22690410 2.18136062 -0.00446881 0.04970287 0.00636125 0.99873379
426.784000 3.23631549 -0.21466240 2.16111984 -0.00415924 0.04890610 0.00601151 0.99877663
427.700000 3.23638979 -0.18644185 2.13209233 -0.00343455 0.04943783 0.00848821 0.99873523
428.076000 3.24385130 -0.18333557 2.12352256 -0.00236463 0.04808239 0.00930072 0.99879727
429.968000 3.25362399 -0.17127436 2.11260841 -0.00191591 0.05051059 0.00507237 0.99870881
431.000000 3.26216572 -0.17111170 2.10828844 -0.00272440 0.04827187 0.00278707 0.99882663
431.576000 3.25798708 -0.16986615 2.10685998 -0.00307498 0.04875887 0.00108809 0.99880525
431.816000 3.25585828 -0.16545598 2.10773769 -0.00282019 0.04849694 0.00345225 0.99881338
432.328000 3.25384494 -0.17781952 2.11695447 -0.00323184 0.04800146 0.00582743 0.99882504
432.580000 3.25193545 -0.18405389 2.11993872 -0.00344250 0.04792292 0.00249682 0.99884198
433.108000 3.24532314 -0.19686695 2.12333776 -0.00263820 0.04915191 0.00314186 0.99878289
433.468000 3.23694839 -0.19382602 2.12591080 -0.00361255 0.04937295 0.00140207 0.99877289
434.512000 3.23314172 -0.21704523 2.13535678 -0.00235899 0.04980836 0.00153761 0.99875482
435.504000 3.23787259 -0.42008890 2.13900256 0.01050136 0.04837832 0.00006361 0.99877388
436.276000 3.23551366 -0.81589670 2.13233588 -0.00417790 0.04918983 0.00595910 0.99876293
436.916000 3.23595290 -1.15116910 2.12483443 -0.00564051 0.04891158 0.00675932 0.99876431
437.536000 3.23279093 -1.44736130 2.11720123 -0.00487166 0.04968299 0.00692807 0.99872913
437.680000 3.23421952 -1.51903105 2.11724027 -0.00913773 0.04842521 0.00647387 0.99876403
438.060000 3.24505272 -1.68345772 2.12063875 -0.03530000 0.04613973 0.00766993 0.99828163
438.688000 3.24204783 -1.83885365 2.11482462 0.01085991 0.04739217 0.00364622 0.99881067
439.288000 3.24365759 -2.08133633 2.10907177 0.00254891 0.04555917 0.00076844 0.99895809
439.832000 3.24131323 -2.32276664 2.10809013 -0.00117523 0.04667026 -0.00029977 0.99890961
441.680000 3.23427176 -3.16428215 2.10051762 -0.02808091 0.04627164 0.00135492 0.99853321
442.504000 3.22899054 -3.17369108 2.10665787 -0.00660462 0.04508025 -0.00130208 0.99896069
443.616000 3.22728583 -3.15135078 2.09659463 -0.00341860 0.06729506 -0.00473387 0.99771603
443.936000 3.29483128 -3.14846025 2.08727459 -0.00042492 0.12022893 -0.00451163 0.99273585
444.492000 3.69253372 -3.15764238 2.07436486 -0.00114517 0.06982154 -0.00613079 0.99754000
445.524000 4.75871242 -3.19350975 2.02654085 -0.00206247 0.03833152 -0.00517810 0.99924953
446.252000 5.48291701 -3.18290535 1.96861117 -0.00226804 0.04003845 -0.00527383 0.99918165
446.940000 6.06382990 -3.13653910 1.91454269 -0.00159128 -0.03283275 -0.00389416 0.99945201
448.760000 6.12247569 -3.08990453 1.89137770 -0.00306414 0.04585435 0.00118690 0.99894273
449.552000 6.13681636 -3.12719741 1.90556785 -0.00256580 0.04118856 0.00172019 0.99914662
449.940000 6.16465955 -3.12880241 1.90336443 -0.00273114 0.03763455 0.00291593 0.99928358
450.564000 6.19259861 -3.13167798 1.91233754 -0.00390347 0.03867179 0.00510692 0.99923129
451.196000 6.20589265 -3.12233311 1.91608058 -0.00354962 0.03853752 0.00361672 0.99924430
452.272000 6.20687521 -3.13722684 1.92477463 -0.00211724 0.03886206 0.00166307 0.99924096
452.816000 6.20422967 -3.14889505 1.93072591 0.03257245 0.03991618 -0.00033563 0.99867193
453.044000 6.20291378 -3.19262966 1.93093963 0.03018813 0.04064499 0.00040826 0.99871742
453.300000 6.20152855 -3.27530436 1.94048919 0.01889174 0.03982063 0.00223655 0.99902573
453.920000 6.17795432 -3.59564754 1.93551480 -0.00038864 0.03905455 0.00092132 0.99923658
454.268000 6.17496865 -3.77816533 1.93475533 -0.00448901 0.03982288 0.00221775 0.99919421
454.988000 6.16080832 -4.16118507 1.92384988 -0.00521396 0.04059696 0.00425335 0.99915295
456.332000 6.21700936 -4.64567433 1.91395969 -0.02340735 0.11452172 0.00555512 0.99312940
456.716000 6.42690006 -4.64602814 1.90372463 -0.00853297 0.08397300 -0.01251556 0.99635289
457.700000 7.42029873 -4.59034331 1.88206102 0.00132157 0.03840839 0.00056881 0.99926109
458.044000 7.78505754 -4.57053476 1.85922845 0.00014319 0.03596406 0.00312120 0.99934820
459.760000 9.14400621 -4.55775004 1.77894868 -0.00346619 0.00276493 0.00694499 0.99996605
459.888000 9.14190194 -4.56416300 1.77677787 -0.00420156 0.01301301 0.00666212 0.99988431
460.340000 9.14340583 -4.60534895 1.75606950 -0.00435718 0.04135839 0.00723375 0.99910869
460.736000 9.17641459 -4.60565835 1.73816564 -0.00477900 0.11886962 0.00584235 0.99288118
460.860000 9.21250510 -4.60200837 1.74517576 -0.00509338 0.11417856 0.00658826 0.99342534
461.444000 9.67568873 -4.59724539 1.72449695 -0.00336040 0.06266453 0.00603990 0.99801071
461.752000 9.99899068 -4.60922996 1.71968222 -0.00269815 0.04744980 0.00626939 0.99885030
462.964000 11.27191095 -4.62260174 1.65537030 -0.00225829 0.03454752 0.00661435 0.99937862
463.712000 11.93929803 -4.61703797 1.61074822 -0.00138216 -0.03652208 0.00423408 0.99932292
464.484000 12.10359043 -4.58881298 1.59436844 -0.00194335 0.02551359 0.00432481 0.99966323
464.952000 12.06991937 -4.58726097 1.58825511 -0.00278384 0.04158665 0.00368592 0.99912422
465.228000 12.05268012 -4.58515758 1.58929222 -0.00266695 0.04315608 0.00264693 0.99906128
465.424000 12.04294386 -4.57556440 1.59472178 -0.00255717 0.04397919 0.00296359 0.99902478
466.272000 12.05695395 -4.58568513 1.59537776 -0.00062280 0.03952791 0.00320946 0.99921312
467.392000 12.10778707 -4.61143233 1.59525595 -0.00184223 0.03626498 0.00314181 0.99933557
468.568000 12.12540704 -4.63834960 1.59417802 -0.00313208 0.03725459 0.00132874 0.99930001
469.172000 12.12543898 -4.63869335 1.59024879 -0.00311317 0.03810543 0.00268204 0.99926528
470.380000 12.63721632 -4.64903970 1.57078768 -0.00306206 0.05879203 0.00355999 0.99825921
471.096000 13.37675723 -4.62976955 1.54207353 -0.00166960 0.03681385 0.00487041 0.99930888
473.196000 14.95236609 -4.53584999 1.44602615 0.00185274 0.00442764 0.00700611 0.99996394
474.592000 15.02726212 -4.54547158 1.42816339 -0.00079087 0.04105481 0.00514832 0.99914332
475.600000 15.17398498 -4.53667840 1.41904876 -0.00300220 0.10157207 0.00542799 0.99480885
476.268000 15.80377690 -4.52504487 1.41831562 -0.00168770 0.04557413 0.00583060 0.99894252
476.592000 16.16618374 -4.52335884 1.41424731 -0.00177749 0.03536709 0.00556495 0.99935731
476.992000 16.60236760 -4.51986542 1.40503258 -0.00291230 0.03053463 0.00671804 0.99950689
477.544000 17.17155816 -4.51241773 1.38254005 -0.00183889 0.03363829 0.00678962 0.99940932
477.748000 17.36259185 -4.52365846 1.36404085 -0.00219810 0.03488769 0.00668560 0.99936646
478.292000 17.87066918 -4.52129823 1.34538629 -0.00120222 -0.02858182 0.00668506 0.99956838
478.528000 18.01062876 -4.52283186 1.33898967 -0.00130153 -0.03256546 0.00706196 0.99944381
478.840000 18.09302927 -4.51491645 1.32429722 -0.00103064 0.00038801 0.00800953 0.99996732
479.476000 18.16603191 -4.52828315 1.30354578 -0.00231473 0.11079974 0.00782957 0.99380922
481.468000 20.06571041 -4.45876160 1.26195099 -0.00240847 0.03251501 0.00878378 0.99942975
482.160000 20.78814144 -4.47351424 1.20777156 -0.00077692 0.01221861 0.01168891 0.99985673
482.968000 21.20261198 -4.48145862 1.19093730 -0.00118651 0.00739015 0.00833126 0.99993728
483.312000 21.19849913 -4.46942733 1.19753199 -0.00172136 0.02651798 0.00860165 0.99960985
483.864000 21.12691014 -4.44410924 1.20139113 -0.00220888 0.03781247 0.00969152 0.99923541
484.444000 21.09262338 -4.45181071 1.21044836 -0.00052223 0.03857234 0.00771976 0.99922585
484.800000 21.11634632 -4.45171174 1.20713828 -0.00274598 0.03761100 0.00873229 0.99925053
485.392000 21.13925185 -4.45568535 1.20829571 -0.00393074 0.03390112 0.00949026 0.99937240
486.008000 21.16282388 -4.45341640 1.21195070 -0.00375838 0.03237925 0.01207671 0.99939562
486.548000 21.17506150 -4.47332952 1.21849021 -0.00343967 0.03240606 0.01144173 0.99940337
487.324000 21.17539894 -4.46867611 1.22478467 -0.00352731 0.03397897 0.01233263 0.99934023
487.848000 21.18391122 -4.47299646 1.22761641 -0.00393070 0.03603230 0.01254323 0.99926417
488.136000 21.19061682 -4.46158710 1.21865524 -0.00355718 0.09518127 0.01183064 0.99538330
488.652000 21.43723747 -4.45319374 1.20680788 -0.00372156 0.07632609 0.01085225 0.99701690
489.256000 22.00159935 -4.43851746 1.18637661 -0.00336757 0.03806554 0.01155366 0.99920278
490.044000 22.78834652 -4.41240170 1.16218244 -0.00407779 0.03043296 0.01127594 0.99946489
490.344000 23.08166859 -4.40457120 1.14939245 -0.00229382 0.03172380 0.01185678 0.99942371
490.932000 23.63908740 -4.37476380 1.12677050 -0.00219534 0.02180125 0.01171176 0.99969131
491.584000 24.05334116 -4.35971204 1.10761358 -0.00337810 -0.01382980 0.01215920 0.99982472
491.784000 24.08881686 -4.35968869 1.10149721 -0.00249955 0.00570314 0.01080842 0.99992220
492.244000 24.08793559 -4.34000815 1.09626407 -0.00315322 0.03052372 0.01225515 0.99945394
492.924000 24.06892918 -4.33945783 1.08292561 -0.00239991 0.03904978 0.01363114 0.99914141
494.056000 24.08752884 -4.34071527 1.08219328 -0.00302575 0.03417007 0.01315267 0.99932490
495.240000 24.12500034 -4.34435882 1.08377731 -0.00292609 0.03320900 0.01413173 0.99934423
496.248000 24.12682434 -4.34132222 1.08667961 -0.04111385 0.03466578 0.01497957 0.99844056
497.572000 24.10068361 -3.81043523 1.09229204 -0.00274991 0.03430070 0.01557173 0.99928646
497.864000 24.08765387 -3.66023182 1.09149542 -0.00214754 0.03452869 0.01764915 0.99924555
498.688000 24.07278064 -3.27482063 1.09104244 -0.00061910 0.03519985 0.01744005 0.99922792
499.564000 24.06312682 -2.87809179 1.09216973 -0.00428426 0.03459994 0.01782457 0.99923309
499.968000 24.06376027 -2.67758813 1.09009139 -0.00311255 0.03391404 0.01884640 0.99924219
500.460000 24.05847334 -2.44126928 1.09291386 -0.00375311 0.03316243 0.01868479 0.99926826
500.668000 24.05567480 -2.33637795 1.09281512 -0.00237327 0.03391641 0.01954079 0.99923081
502.032000 24.02804775 -1.68491354 1.10359085 -0.00206139 0.03337707 0.01825027 0.99927406
502.660000 24.00509401 -1.38020292 1.10654177 -0.00238442 0.03391464 0.01841862 0.99925215
503.320000 23.99263702 -1.04926690 1.10534520 -0.00403038 0.03403645 0.01781333 0.99925370
504.272000 23.96996463 -0.58095388 1.11465952 -0.00201879 0.03366143 0.01660915 0.99929323
504.548000 23.96630946 -0.44884829 1.11806908 -0.00167199 0.03351110 0.01727410 0.99928765
505.192000 23.94824784 -0.13158664 1.11986566 0.00385894 0.03280860 0.17539332 0.98394405
505.756000 23.94745092 0.07741107 1.13177584 0.01133456 0.02894137 0.44933918 0.89282038
506.360000 24.02333652 0.19255802 1.12700807 0.01684139 0.02271874 0.68681727 0.72627974
506.652000 24.10892475 0.19008909 1.12605956 0.01800664 0.02081465 0.71609376 0.69746128
507.132000 24.71206747 0.35569842 0.83649818 0.01133775 0.02973355 0.72733705 0.68554226
507.652000 23.88166744 0.96113555 1.05623743 0.02866355 -0.01440248 0.72750016 0.68535720
508.096000 23.77764836 1.15292882 1.06550217 0.00918033 -0.00107018 0.72804584 0.68546614
508.568000 23.74827937 1.15157962 1.06880317 -0.00185476 0.00457482 0.72691336 0.68671144
508.892000 23.76964224 1.13443342 1.06869461 -0.00426308 0.00598223 0.72754841 0.68601702
509.184000 23.78124201 1.12509542 1.06771870 -0.00538093 0.00704023 0.72607592 0.68755744
509.648000 23.80382735 1.11752050 1.06893995 -0.00473288 0.00635983 0.72730016 0.68627373
510.088000 23.82116275 1.12037118 1.06996357 -0.00445851 0.00586287 0.72534172 0.68834957
510.360000 23.83271821 1.12536110 1.07013895 -0.00508387 0.00457139 0.72552734 0.68815938
510.580000 23.84023172 1.12998692 1.06963364 -0.00461152 0.00412295 0.72443971 0.68931041
510.756000 23.84381512 1.13388318 1.06922768 -0.00472091 0.00329589 0.72433872 0.68942024
511.224000 23.85435472 1.14448644 1.06499693 -0.00455737 0.00339873 0.72454462 0.68920445
511.428000 23.85911697 1.14843596 1.06101057 -0.00526281 0.00392543 0.72444457 0.68930179
511.852000 23.86090261 1.15515183 1.05408367 -0.00364376 0.00385749 0.72272079 0.69111975
512.072000 23.86283885 1.15785756 1.05120946 -0.00419977 0.00439290 0.72255977 0.69128174
512.528000 23.86357722 1.16208235 1.04794170 -0.00357117 0.00421107 0.72189607 0.69197946
512.912000 23.86430437 1.16339548 1.04634725 -0.00420486 0.00321894 0.72167778 0.69220888
513.156000 23.86413209 1.16234182 1.04564218 -0.00451245 0.00342103 0.72309763 0.69072263
513.428000 23.86350968 1.15971304 1.04478043 -0.00324664 0.00436142 0.72258051 0.69126539
513.680000 23.86267209 1.15663346 1.04402098 -0.00468387 0.00483589 0.72244248 0.69139824
513.960000 23.86437016 1.15338841 1.04311200 -0.00453270 0.00586809 0.72194873 0.69190683
514.108000 23.86282721 1.15172163 1.04258776 -0.00553126 0.00509559 0.72035346 0.69356638
514.592000 23.88895972 1.15103596 1.04277639 0.02071791 0.03137260 0.71974471 0.69322008
515.084000 24.04335793 1.15545557 1.04369776 0.00530558 0.01526428 0.71921264 0.69460207
515.828000 24.39969481 1.16761037 1.05019132 -0.00490797 0.00489848 0.72008319 0.69385309
517.692000 25.24406434 1.23022343 1.10234726 -0.03065610 -0.01966805 0.71940773 0.69363239
518.328000 25.27086284 1.25831196 1.13180844 -0.01203371 -0.00140927 0.72012162 0.69374207
519.076000 25.20272937 1.30140622 1.17424426 -0.00573088 0.00529282 0.71977778 0.69416071
519.516000 25.32101084 1.23656947 1.07191563 -0.00353179 0.00574444 0.71849051 0.69550407
519.944000 25.32109004 1.23910290 1.06777077 -0.00457952 0.00480579 0.71810015 0.69590812
521.568000 25.33835582 1.22913284 1.07470278 -0.00747816 0.00416993 0.71741907 0.69658924
521.752000 25.33986077 1.22910573 1.07468443 -0.00715363 0.00407634 0.71798157 0.69601341
522.568000 25.33371097 1.22117914 1.07675795 -0.00699230 0.00380333 0.71983155 0.69410315
523.052000 25.32904983 1.21532701 1.07482226 -0.00665309 0.00448095 0.71834203 0.69564386
523.200000 25.32362040 1.21436181 1.07446522 -0.00769029 0.00452607 0.71993928 0.69397969
523.336000 25.32073046 1.21234931 1.07358190 -0.00718887 0.00502443 0.71914485 0.69480484
523.624000 25.31662687 1.21216914 1.07533758 -0.00635116 0.00471168 0.71942916 0.69452081
523.828000 25.31322229 1.21239329 1.07574740 -0.00633873 0.00371962 0.71940821 0.69454864
524.004000 25.31002032 1.21235261 1.07576458 -0.00492955 0.00518478 0.71930211 0.69466056
524.316000 25.30571903 1.21255228 1.07532517 -0.00543169 0.00549916 0.72004322 0.69388617
524.464000 25.30342425 1.21289032 1.07454988 -0.00581928 0.00533745 0.72046544 0.69344588
524.608000 25.30144210 1.21314012 1.07356799 -0.00594673 0.00555255 0.72119884 0.69268033
524.840000 25.29857246 1.21401869 1.07178311 -0.00556147 0.00440126 0.72074483 0.69316419
525.500000 25.28842885 1.21601195 1.06545115 -0.00513811 0.00538665 0.72165615 0.69221166
525.824000 25.28490437 1.21730806 1.06298726 -0.00610335 0.00538565 0.72330914 0.69047638
526.004000 25.28346265 1.21878304 1.06301199 -0.00499224 0.00505559 0.72225017 0.69159541
526.228000 25.28217192 1.22039102 1.06273347 -0.00468315 0.00432339 0.72164815 0.69223068
526.616000 25.27945441 1.22184624 1.06115023 -0.00600736 0.00414442 0.72148739 0.69238911
526.768000 25.27786148 1.22184793 1.06055746 -0.00656169 0.00466682 0.71965326 0.69428693
527.160000 25.27564917 1.22338993 1.05865391 -0.00455238 0.00484267 0.72040516 0.69352161
527.364000 25.27619702 1.22363543 1.05679243 -0.00485086 0.00610118 0.72088863 0.69300709
527.620000 25.27863267 1.22458630 1.05450666 -0.00496382 0.00609633 0.71815687 0.69583683
527.900000 25.27926687 1.22474700 1.05368649 -0.00555118 0.00526313 0.71866520 0.69531419
528.200000 25.28174330 1.22537218 1.05234531 -0.00506606 0.00488720 0.71702517 0.69701173
529.084000 25.29549020 1.22303092 1.04809896 -0.00645323 0.00533067 0.71821303 0.69577294
530.804000 25.32422583 1.22639422 1.04953237 -0.00656295 0.00411443 0.72013006 0.69379586
531.416000 25.32936494 1.22845774 1.05132466 -0.00574960 0.00436947 0.71841405 0.69557825
531.588000 25.32871891 1.22873793 1.05150753 -0.00513383 0.00512123 0.71883033 0.69514773
531.796000 25.32791753 1.22848476 1.05164286 -0.00576400 0.00422220 0.71863985 0.69534575
532.140000 25.32688320 1.22781104 1.05291959 -0.00620372 0.00482973 0.71881235 0.69515969
532.372000 25.32529105 1.22788106 1.05279127 -0.00687870 0.00525785 0.71842237 0.69555326
532.648000 25.32395244 1.22895336 1.05139191 -0.00586026 0.00531836 0.71963538 0.69430706
532.876000 25.32360629 1.22970705 1.05020381 -0.00485769 0.00466448 0.71968567 0.69426737
533.104000 25.32459776 1.23018822 1.04776774 -0.00526531 0.00583202 0.71733541 0.69668370
533.688000 25.32489895 1.23008534 1.04120401 -0.00545127 0.00389533 0.71806339 0.69594546
533.828000 25.32369511 1.22906183 1.03918070 -0.00594431 0.00420003 0.71782897 0.69618144
534.000000 25.32417179 1.22803942 1.03807751 -0.00564653 0.00510022 0.71849457 0.69549094
534.240000 25.32469703 1.22651849 1.03569435 -0.00657177 0.00544248 0.71734651 0.69666432
534.352000 25.32444100 1.22594610 1.03575937 -0.00646555 0.00461438 0.72019167 0.69372968
534.856000 25.32233450 1.22475918 1.03455516 -0.00653189 0.00460370 0.71996237 0.69396709
535.428000 25.31823518 1.22356852 1.03677073 -0.00628933 0.00523530 0.72141357 0.69245614
536.076000 25.31472930 1.21981956 1.04218920 -0.00623843 0.00592150 0.71981260 0.69411515
536.316000 25.31044867 1.21979681 1.04592607 -0.00603837 0.00596241 0.72150756 0.69235456
536.508000 25.30899419 1.21876864 1.04781538 -0.00605150 0.00622324 0.72125080 0.69261962
537.540000 25.29892956 1.21961732 1.05071619 -0.00689129 0.00585359 0.72185949 0.69198058
537.892000 25.29473818 1.22247850 1.04651321 -0.00685316 0.00467613 0.72112143 0.69275902
538.776000 25.28934768 1.22760862 1.03929470 -0.00598362 0.00477919 0.72208712 0.69175975
539.308000 25.28732855 1.22740954 1.03651789 -0.00644022 0.00470226 0.72150334 0.69236503
539.984000 25.28093632 1.22834035 1.03249308 -0.00534493 0.00710205 0.72067221 0.69321898
540.220000 25.27927739 1.23014477 1.03136070 -0.00578549 0.00590173 0.72297300 0.69082685
540.360000 25.28029014 1.23018626 1.02988923 -0.00542005 0.00688342 0.72265387 0.69115456
540.648000 25.28203549 1.23136025 1.02803573 -0.00534874 0.00643182 0.72134534 0.69252504
540.988000 25.28589828 1.23303260 1.02684687 -0.00575898 0.00584779 0.72089706 0.69299356
541.356000 25.28921862 1.23524044 1.02653496 -0.00541532 0.00549122 0.72156592 0.69230278
541.552000 25.29290174 1.23586692 1.02653257 -0.00537242 0.00461716 0.72123588 0.69265332
541.840000 25.29640716 1.23616151 1.02751702 -0.00667359 0.00471852 0.72087057 0.69302151
542.752000 25.30917534 1.23313467 1.03269493 -0.00523418 0.00502451 0.72130514 0.69257942
543.336000 25.33142671 1.15391664 1.03809344 0.04714090 -0.04661103 0.71969968 0.69111325
545.548000 25.60480015 -0.84724614 1.09909420 0.00178745 0.01008541 0.94873335 -0.31591156
545.816000 25.66726096 -1.05136720 1.10933296 0.00361470 0.00917128 0.89409912 -0.44776064
546.668000 25.87998155 -1.26977289 1.13920712 -0.03167398 -0.03531768 -0.69368669 0.71871287
547.136000 25.98512765 -1.01521535 1.14585788 -0.01008328 -0.01080592 -0.68159026 0.73158477
547.420000 25.99926510 -0.73701612 1.14855171 -0.00379230 -0.00632374 -0.67918520 0.73392989
547.732000 25.43450980 -1.92415456 1.08656205 0.00724395 0.00397115 -0.68012510 0.73304952
548.384000 25.39219101 -1.76907857 1.10338608 0.00482303 0.00384932 -0.68089655 0.73235361
548.892000 25.36957524 -1.77530821 1.10692690 0.00242742 0.00415904 -0.68265297 0.73072685
549.440000 25.35555112 -1.79848224 1.10935203 0.00073260 0.00295506 -0.68334621 0.73008814
549.764000 25.35157063 -1.81278218 1.10814682 0.00027399 0.00236699 -0.68479954 0.72872759
550.056000 25.35131210 -1.82386080 1.10714272 0.00067564 0.00098428 -0.68527157 0.72828665
550.488000 25.34641170 -1.83172443 1.10882222 -0.00035785 0.00187065 -0.68583898 0.72775082
550.760000 25.34442077 -1.83218095 1.11124126 0.00086598 0.00221157 -0.68645889 0.72716474
551.048000 25.34336825 -1.83080959 1.11096303 0.00117303 0.00194882 -0.68745760 0.72622096
551.264000 25.34405564 -1.82985654 1.11194030 0.00115258 0.00236220 -0.68810802 0.72560350
551.500000 25.34634902 -1.82726630 1.11135386 0.00146152 0.00174171 -0.68754134 0.72614168
551.764000 25.34045481 -1.82626512 1.11141285 0.00218270 0.00120408 -0.68839082 0.72533569
552.048000 25.33375637 -1.82550570 1.11158352 0.00278437 0.00266401 -0.68876134 0.72497791
552.364000 25.32952207 -1.82322887 1.11204914 0.00195246 0.00263298 -0.69006052 0.72374425
552.820000 25.32869997 -1.81700414 1.11018707 0.00174820 0.00333790 -0.69053138 0.72329262
553.148000 25.33265307 -1.81028898 1.10736693 0.00225220 0.00336288 -0.69224519 0.72165104
553.328000 25.33920726 -1.80753659 1.10507478 0.00126442 0.00298934 -0.69052242 0.72330371
553.616000 25.33490053 -1.80473108 1.10319598 0.00289536 0.00309399 -0.69122785 0.72262446
553.820000 25.33951029 -1.80359849 1.10086578 0.00077680 0.00374259 -0.69138397 0.72247741
553.936000 25.33836227 -1.80300883 1.09928066 0.00163776 0.00356249 -0.69088549 0.72295357
554.664000 25.35042286 -1.80268024 1.09777674 0.00057916 0.00290748 -0.68923140 0.72453522
554.888000 25.34784882 -1.80129698 1.09653949 0.00173355 0.00229511 -0.68950868 0.72427170
555.124000 25.35206043 -1.80072565 1.09489239 0.00195389 0.00196599 -0.68957317 0.72421072
555.476000 25.35882600 -1.79955118 1.09637572 0.00271659 0.00202413 -0.68941938 0.72435450
555.700000 25.35729631 -1.79907167 1.09595175 0.00272927 0.00158762 -0.68973221 0.72405767
556.164000 25.35733402 -1.79640782 1.09486760 0.02098525 -0.01722452 -0.68966758 0.72361700
556.956000 25.16694742 -1.78348091 1.09521572 0.00253144 0.00198014 -0.68919424 0.72456950
557.384000 25.01200922 -1.78013748 1.09037538 -0.00719263 0.01290948 -0.69064021 0.72304751
557.656000 24.93514123 -1.77752773 1.08570425 -0.00849486 0.01385560 -0.68944782 0.72415299
557.764000 24.90146565 -1.78179484 1.08471181 -0.00860787 0.01385971 -0.68971916 0.72389315
558.076000 24.83956984 -1.78587050 1.08538203 -0.00814683 0.01235698 -0.69034610 0.72332786
558.352000 24.82428800 -1.78439447 1.08658511 -0.00537808 0.01075798 -0.69037528 0.72335145
558.696000 24.81129911 -1.78917654 1.08870168 -0.00211690 0.00651972 -0.69062109 0.72318429
558.884000 24.81689859 -1.79019148 1.08833132 -0.00117070 0.00430805 -0.69057691 0.72324519
559.020000 24.82243424 -1.79127402 1.08643771 -0.00070428 0.00396959 -0.69063274 0.72319441
559.312000 24.82835514 -1.79373270 1.08758091 0.00141268 0.00371274 -0.69073678 0.72309538
559.580000 24.83342347 -1.79688848 1.09755024 0.01098328 -0.00495928 -0.69157079 0.72220815
559.812000 24.82732701 -1.79668011 1.09442453 0.03074566 -0.02663736 -0.69084581 0.72185679
560.024000 24.79237056 -1.79835044 1.08523931 0.02284786 -0.02008013 -0.69100419 0.72221048
560.240000 24.72870437 -1.79839918 1.07914529 0.01225853 -0.00815636 -0.69144350 0.72228047
560.552000 24.62364000 -1.79689377 1.08077341 -0.00122835 0.00320713 -0.69116722 0.72268671
560.816000 24.53187815 -1.79523972 1.07839644 -0.00619520 0.01013634 -0.69149377 0.72228473
561.028000 24.47631733 -1.79140677 1.07754946 -0.00856768 0.01199721 -0.69047773 0.72320340
561.268000 24.41287090 -1.78892756 1.07635920 -0.00882487 0.01296611 -0.69098230 0.72270150
561.380000 24.38091610 -1.78808714 1.07306240 -0.00843775 0.01187469 -0.69049633 0.72318920
561.772000 24.31753695 -1.78360700 1.07208619 -0.00730457 0.01098845 -0.69131414 0.72243384
561.984000 24.30054074 -1.78055318 1.07093359 -0.00518045 0.00934453 -0.69164565 0.72215797
562.208000 24.29536637 -1.77643731 1.07383551 -0.00221174 0.00731715 -0.69165833 0.72218441
562.460000 24.29535826 -1.77505418 1.07462565 0.00022340 0.00486090 -0.68993127 0.72385852
562.688000 24.29238645 -1.77376729 1.07282384 0.00023139 0.00417545 -0.69050483 0.72331570
562.956000 24.31073982 -1.77005036 1.07521986 0.00201899 0.00326157 -0.69014177 0.72366403
563.208000 24.31175476 -1.77044183 1.07799002 0.00965300 -0.00525954 -0.68942893 0.72426991
563.368000 24.30369651 -1.77157413 1.07369062 0.02718533 -0.02436262 -0.68839855 0.72441346
563.660000 24.24885214 -1.76764497 1.06783754 0.02371293 -0.02002603 -0.68883571 0.72425273
563.972000 24.12696001 -1.76467503 1.06245777 0.00795703 -0.00311609 -0.68934151 0.72438613
564.300000 23.99331381 -1.76351241 1.06137770 -0.00310490 0.00846282 -0.68940695 0.72431816
564.476000 23.93089713 -1.76378941 1.06054816 -0.00726587 0.01230709 -0.68970245 0.72395185
564.628000 23.87988504 -1.76585124 1.05944624 -0.00881539 0.01437207 -0.68949758 0.72409172
564.776000 23.83624015 -1.76633929 1.05783118 -0.00901778 0.01516803 -0.69044444 0.72317016
564.936000 23.79509559 -1.77021785 1.05758381 -0.00917261 0.01423612 -0.69073834 0.72290645
565.140000 23.76155220 -1.76883696 1.05993380 -0.00860161 0.01336032 -0.69036473 0.72328698
565.464000 23.72399316 -1.77084113 1.05844773 -0.00638896 0.01178340 -0.69051744 0.72319153
565.716000 23.72232374 -1.77222849 1.05979972 -0.00356538 0.00930438 -0.69082100 0.72295716
565.804000 23.72532032 -1.77315019 1.06003824 -0.00257557 0.00866225 -0.69018811 0.72357357
565.964000 23.72814316 -1.77421816 1.06148008 -0.00247749 0.00709911 -0.68947703 0.72426853
566.072000 23.72692015 -1.77536904 1.06069755 -0.00108372 0.00545023 -0.68988315 0.72389942
566.392000 23.73169131 -1.77785692 1.06540461 0.00182205 0.00418886 -0.69001247 0.72378306
566.812000 23.73265034 -1.77749221 1.06903801 0.00224550 0.00191187 -0.68986978 0.72392747
567.072000 23.74172423 -1.77693619 1.06987451 0.00236321 0.00179371 -0.69056747 0.72326190
567.388000 23.75337830 -1.77821048 1.07262367 0.00298306 0.00246934 -0.69048362 0.72333767
567.612000 23.76088165 -1.78054325 1.07414856 0.00302741 0.00239380 -0.69019608 0.72361210
568.020000 23.80699880 -1.78934787 1.07422996 0.00302987 0.00276164 -0.68847478 0.72524869
568.308000 23.81626278 -1.79685972 1.07053691 0.00149656 0.00238704 -0.68831519 0.72540627
568.568000 23.82074716 -1.80191067 1.06709800 0.00166609 0.00292149 -0.68700370 0.72664614
569.156000 23.80703116 -1.80803590 1.06562202 0.00193972 0.00276190 -0.68874214 0.72499853
569.544000 23.79665627 -1.81211817 1.06837130 0.00186242 0.00096293 -0.68999071 0.72381519
569.752000 23.78594446 -1.80731337 1.06358177 0.00243381 0.00083758 -0.68936187 0.72441258
570.108000 23.78649686 -1.80669315 1.06243283 0.00219159 0.00123576 -0.68992878 0.72387288
570.448000 23.79327741 -1.80666010 1.06179945 0.00176958 0.00195200 -0.69007705 0.72373111
570.596000 23.80033215 -1.80692628 1.06080201 0.00153524 0.00301353 -0.69041988 0.72340096
570.748000 23.80692333 -1.80725455 1.06007854 0.00118519 0.00342176 -0.69008408 0.72372015
571.120000 23.81768420 -1.80893297 1.06275897 0.00227682 0.00273357 -0.68997006 0.72382916
571.532000 23.82069530 -1.81170994 1.06699092 0.00153718 0.00231573 -0.68939535 0.72437996
572.084000 23.82238863 -1.81220589 1.07277470 0.00246365 0.00204802 -0.69002923 0.72377441
572.292000 23.82819622 -1.81404252 1.06191607 0.02033381 0.02129678 -0.68962986 0.72356316
572.556000 23.84447042 -1.85815736 1.06430924 0.05162845 0.05502297 -0.68784539 0.72192499
572.984000 23.84017581 -2.11646881 1.08562737 0.01671156 0.01795070 -0.68985843 0.72352874
573.176000 23.84472651 -2.26058999 1.08681807 0.00053331 -0.00011699 -0.69098985 0.72286425
573.344000 23.84291016 -2.39052242 1.08878199 -0.00911873 -0.01064364 -0.69038714 0.72330433
573.468000 23.83571839 -2.47875157 1.08863500 -0.01370492 -0.01564751 -0.69039580 0.72313275
573.648000 23.82755823 -2.59375982 1.08830193 -0.01720533 -0.01959952 -0.69069814 0.72267276
574.096000 23.83129549 -2.79499656 1.08689223 -0.01715946 -0.01945770 -0.69077970 0.72259972
574.172000 23.83225456 -2.80999324 1.08428910 -0.01653097 -0.01862139 -0.69021000 0.72318056
574.376000 23.82361612 -2.84493073 1.07863667 -0.01353607 -0.01546651 -0.69011663 0.72340624
574.560000 23.80155448 -2.85933414 1.07619095 -0.00861726 -0.00888663 -0.69126913 0.72249135
574.884000 23.78132349 -2.88752400 1.07457737 0.04337706 0.04638760 -0.68970118 0.72130362
575.268000 23.77968299 -3.06357728 1.08301953 0.02674945 0.02706034 -0.68906385 0.72370106
575.700000 23.79207818 -3.37354893 1.09943775 -0.00606365 -0.00486823 -0.68845519 0.72523719
575.836000 23.79842015 -3.46807648 1.10272539 -0.01053506 -0.01184583 -0.68784273 0.72568662
576.024000 23.79400517 -3.59228250 1.10167411 -0.01497386 -0.01646524 -0.68835178 0.72503552
576.160000 23.79088478 -3.66092999 1.09655043 -0.01675332 -0.01804688 -0.68849008 0.72482760
576.392000 23.78280931 -3.76078524 1.09585767 -0.01728195 -0.01855849 -0.68803719 0.72523220
576.548000 23.77918156 -3.80319164 1.09473182 -0.01627406 -0.01717752 -0.68847144 0.72487734
576.660000 23.77917277 -3.82553163 1.09332629 -0.01447821 -0.01547526 -0.68824944 0.72516454
576.752000 23.77801971 -3.84213060 1.09363635 -0.01306594 -0.01431623 -0.68839577 0.72507627
576.964000 23.77609162 -3.86659002 1.09466970 -0.01120663 -0.01111992 -0.68792299 0.72561196
577.216000 23.76831881 -3.87961497 1.09211966 -0.00776885 -0.00614662 -0.68864319 0.72503270
577.344000 23.77230905 -3.87879287 1.09098748 -0.00602318 -0.00334366 -0.68748128 0.72616942
577.484000 23.77794984 -3.87736707 1.08935620 -0.00466826 -0.00155562 -0.68781130 0.72587285
577.744000 23.78117232 -3.86463435 1.08737914 0.00040346 0.00041975 -0.68781153 0.72588909
577.956000 23.78456029 -3.85220408 1.08981926 0.02647093 0.02633640 -0.68766995 0.72506257
578.196000 23.78169804 -3.87887413 1.09156414 0.05551147 0.05677646 -0.68556287 0.72367013
578.340000 23.78255191 -3.95427596 1.07815246 0.04736576 0.04853633 -0.68807296 0.72246544
578.652000 23.78042694 -4.14060549 1.09459137 0.01586750 0.01715308 -0.69233447 0.72119829
578.972000 23.79607176 -4.38821670 1.09166798 -0.00687253 -0.00555730 -0.69328477 0.72060954
579.260000 23.81307409 -4.59122422 1.09032226 -0.01748921 -0.01656383 -0.69270613 0.72081758
579.416000 23.82143631 -4.68316727 1.08448818 -0.01966020 -0.02000851 -0.69269978 0.72068034
579.740000 23.82966465 -4.82682798 1.08093158 -0.01896823 -0.01889150 -0.69315976 0.72028665
580.064000 23.83593770 -4.89541793 1.07712134 -0.01562085 -0.01396377 -0.69261523 0.72100287
580.248000 23.83889504 -4.91042389 1.07526819 -0.01149904 -0.01012907 -0.69278637 0.72098004
580.464000 23.83858988 -4.90817939 1.07594023 -0.00726019 -0.00554756 -0.69246633 0.72139233
580.684000 23.83657000 -4.90649007 1.07345905 -0.00405017 -0.00178947 -0.69260453 0.72130392
580.924000 23.84041942 -4.89368469 1.07179701 -0.00128868 0.00114992 -0.69329296 0.72065379
581.364000 23.85211211 -4.86621369 1.07376159 0.00326579 0.00291110 -0.69229794 0.72159852
581.760000 23.84534940 -4.83982383 1.07384712 0.00462190 0.00424993 -0.69248004 0.72140971
581.852000 23.84102543 -4.83364424 1.07418590 0.00473398 0.00476246 -0.69191210 0.72195052
582.200000 23.83487670 -4.82374266 1.07575106 0.00446867 0.00458934 -0.69185924 0.72200399
582.372000 23.83139223 -4.82262896 1.07819115 0.00487182 0.00410801 -0.69208155 0.72179119
582.596000 23.82547799 -4.82384575 1.08147655 0.00359537 0.00434501 -0.69252965 0.72136737
582.936000 23.82392763 -4.82777158 1.08271235 0.00275905 0.00287238 -0.69289090 0.72103144
583.164000 23.81325113 -4.82641194 1.08269967 0.00230304 0.00294470 -0.69359262 0.72035776
583.300000 23.80990953 -4.82820475 1.08232545 0.00203467 0.00358357 -0.69373517 0.72021839
583.492000 23.81066939 -4.83382159 1.08392691 0.00126490 0.00344054 -0.69347638 0.72047003
583.976000 23.80370560 -4.84148209 1.08517546 0.00162438 0.00189818 -0.69316650 0.72077317
584.316000 23.80207757 -4.84037464 1.08396844 0.00167821 0.00158215 -0.69299048 0.72094305
584.472000 23.80180000 -4.84467253 1.08573562 0.00264942 0.00237055 -0.69268655 0.72122999
584.728000 23.79567292 -4.84337421 1.08496213 0.00162098 0.00206101 -0.69443247 0.71955311
584.924000 23.79515823 -4.84200981 1.08443328 0.00154441 0.00321535 -0.69396723 0.71999775
585.068000 23.79110336 -4.84265603 1.08440315 0.00118662 0.00349855 -0.69406581 0.71990207
585.392000 23.77844982 -4.84468046 1.08824212 0.00164857 0.00225403 -0.69375050 0.72021000
585.532000 23.77549646 -4.84451322 1.08885798 0.00193345 0.00303179 -0.69364124 0.72031167
585.628000 23.77365841 -4.84621780 1.09039038 0.00241267 0.00323062 -0.69342693 0.72051567
585.816000 23.76684340 -4.84882303 1.09222845 0.00190489 0.00334591 -0.69364114 0.72031045
586.004000 23.75765855 -4.85305008 1.09481619 0.00251474 0.00289548 -0.69331203 0.72062731
586.224000 23.75869479 -4.85102571 1.09526905 0.00106588 0.00236417 -0.69422503 0.71975334
586.368000 23.75848558 -4.84719505 1.09468992 0.00117321 0.00187055 -0.69421545 0.71976387
586.652000 23.77024076 -4.84157868 1.09889834 -0.02303197 0.02330867 -0.69484607 0.71841156
586.768000 23.78936928 -4.84023262 1.09942626 -0.02498329 0.02557623 -0.69448954 0.71861392
586.860000 23.80805305 -4.83709533 1.10058743 -0.02230446 0.02290907 -0.69474890 0.71854134
587.000000 23.84201830 -4.83371990 1.10397563 -0.01624914 0.01772636 -0.69561213 0.71801497
587.160000 23.89201937 -4.82947309 1.10519089 -0.00783990 0.01001137 -0.69641294 0.71752863
587.520000 24.02681956 -4.81838487 1.11250988 0.00511316 -0.00109899 -0.69551630 0.71849129
587.696000 24.08945921 -4.81249480 1.11474361 0.00987661 -0.00482732 -0.69518274 0.71874899
587.884000 24.14989797 -4.80943401 1.11824639 0.01177891 -0.00669292 -0.69470651 0.71916572
588.080000 24.19801686 -4.80691778 1.12088412 0.01194480 -0.00769939 -0.69433422 0.71951236
588.328000 24.23701547 -4.80403661 1.12154700 0.01079774 -0.00766986 -0.69422221 0.71963887
588.472000 24.25628182 -4.80200196 1.12278826 0.01082739 -0.00705182 -0.69422472 0.71964233
588.716000 24.27286020 -4.79824282 1.12250923 0.00992413 -0.00504825 -0.69455546 0.71935300
588.924000 24.28762957 -4.79407356 1.12379931 0.00829683 -0.00405699 -0.69473137 0.71921000
589.140000 24.31940807 -4.78790514 1.12471562 0.00577803 -0.00098132 -0.69420801 0.71975058
589.440000 24.31160782 -4.78300705 1.12449548 0.00468764 0.00009474 -0.69492478 0.71906716
589.624000 24.30848277 -4.78066477 1.12247245 0.00388584 0.00131893 -0.69420381 0.71976679
589.764000 24.30177805 -4.78002359 1.12123033 0.00370935 0.00252091 -0.69408968 0.71987458
589.952000 24.29665816 -4.77963495 1.11896400 0.00184350 0.00213875 -0.69329569 0.72064771
590.036000 24.29730044 -4.77806147 1.11714922 0.00121087 0.00234070 -0.69373005 0.72023029
590.512000 24.27433576 -4.77766643 1.11569954 0.00121624 0.00281815 -0.69231931 0.72158475
590.656000 24.26995586 -4.77723782 1.11411990 0.00093578 0.00418936 -0.69230790 0.72158946
591.024000 24.27224650 -4.77740478 1.11671232 -0.04732028 0.04800157 -0.69089456 0.71980647
591.280000 24.36161812 -4.77063147 1.11970708 -0.03723486 0.03949508 -0.68887203 0.72284786
591.472000 24.47214494 -4.76588665 1.12329766 -0.01640239 0.02299289 -0.64052657 0.76741645
591.880000 24.75662665 -4.74751072 1.12197392 0.01001798 -0.00852599 -0.47530732 0.87972149
591.992000 24.83214033 -4.74129018 1.11995255 0.01320522 -0.01441897 -0.42586244 0.90457664
592.312000 25.01290903 -4.71950716 1.12179544 0.01233917 -0.02475495 -0.26759021 0.96313572
592.604000 25.13206301 -4.72633962 1.11177680 0.00720144 -0.02762323 -0.11557758 0.99288817
593.032000 25.24954677 -4.67208074 1.11016058 0.00164019 -0.02086420 0.01616030 0.99965036
593.276000 25.27429033 -4.63889141 1.09118012 0.00045502 -0.01475558 0.03194651 0.99938055
593.660000 25.29790511 -4.63496952 1.08941799 0.00010599 -0.00647573 0.04322230 0.99904449
594.104000 25.26946101 -4.63488491 1.08517852 0.00193057 0.00156815 0.04495016 0.99898613
595.044000 25.21576488 -4.66054714 1.07680080 0.00070067 0.00572853 0.04348115 0.99903758
595.652000 25.20013050 -4.67928965 1.07269976 -0.00054550 0.00351240 0.04261212 0.99908537
596.048000 25.19758636 -4.69092583 1.06833562 -0.00162711 0.00447320 0.04284671 0.99907032
596.340000 25.20208905 -4.70293141 1.06588251 -0.00118146 0.00281781 0.04124159 0.99914453
596.784000 25.20592504 -4.71127079 1.06101901 -0.00168786 0.00240277 0.04003819 0.99919384
597.824000 25.20641572 -4.72303276 1.05004318 -0.00182117 0.00249118 0.03862575 0.99924898
598.052000 25.20518229 -4.72407320 1.04772112 -0.00085301 0.00211195 0.03872033 0.99924749
598.428000 25.20560082 -4.72974309 1.04334167 -0.00095831 0.00319571 0.03783937 0.99927827
599.200000 25.20184151 -4.73064769 1.03684541 -0.00054603 0.00249871 0.03924055 0.99922652
599.880000 25.20106458 -4.74221990 1.03278865 -0.00075084 0.00371735 0.03819429 0.99926314
600.632000 25.20260436 -4.77024343 1.02635134 0.03446361 0.00211586 0.03701057 0.99871818
600.984000 25.20579860 -4.86850371 1.01841969 0.01137895 0.00205905 0.03780179 0.99921835
601.936000 25.22123848 -5.18307982 1.00880553 -0.01691032 0.00279469 0.03751120 0.99914921
602.232000 25.22591734 -5.23667670 1.00989598 -0.01519808 0.00298211 0.03768636 0.99916959
602.436000 25.22853536 -5.25870786 1.00990451 -0.01432150 0.00234260 0.03669531 0.99922113
602.620000 25.22854688 -5.26783524 1.00923162 -0.01146572 0.00260631 0.03633141 0.99927062
603.396000 25.23742255 -5.25152444 1.01002996 -0.00218349 0.00243893 0.03626100 0.99933699
603.864000 25.24238545 -5.22418460 1.01265640 0.01519406 0.00247486 0.03652225 0.99921426
604.412000 25.25018224 -5.29493710 1.00880707 0.02189831 0.00244518 0.03762038 0.99904914
604.996000 25.26545644 -5.50869588 1.00665038 -0.00928684 0.00301115 0.03634362 0.99929166
605.420000 25.27240646 -5.63736822 1.00907458 -0.01511057 0.00273676 0.03654706 0.99921394
605.628000 25.27286096 -5.67674077 1.01175087 -0.01506857 0.00258529 0.03696403 0.99919964
606.328000 25.28696934 -5.75545539 1.01732545 -0.00883439 0.00311927 0.03604011 0.99930643
606.872000 25.29856471 -5.76247604 1.02407625 0.01356625 0.00318390 0.03626579 0.99924502
607.784000 25.31870902 -5.98427581 1.02805165 -0.00406098 0.00368817 0.03727174 0.99929011
608.420000 25.34032998 -6.19084529 1.03201084 -0.01612541 0.00288894 0.03701638 0.99918037
608.608000 25.34350096 -6.22788998 1.03302249 -0.01641188 0.00177142 0.03713143 0.99917404
608.908000 25.34796737 -6.27514978 1.03258138 -0.01473039 0.00262059 0.03598988 0.99924015
609.264000 25.35459353 -6.30226572 1.03517872 -0.00996673 0.00225514 0.03702330 0.99926215
609.740000 25.35869575 -6.30303552 1.03926955 -0.00471517 0.00216994 0.03803433 0.99926295
610.608000 25.37281244 -6.37735612 1.04870838 0.02527659 0.00297161 0.03816597 0.99894726
610.816000 25.37730277 -6.44621052 1.05217234 0.01147937 0.00290211 0.03621221 0.99927398
611.904000 25.40101318 -6.79232837 1.05961950 -0.01741597 0.00249554 0.03664536 0.99917345
612.052000 25.39937604 -6.81054018 1.05904436 -0.01652295 0.00263224 0.03683599 0.99918125
613.032000 25.40294427 -6.85122694 1.06396196 -0.00496455 0.00228423 0.03704399 0.99929869
613.796000 25.39904598 -6.82262899 1.06600602 0.00005925 0.00211217 0.03776824 0.99928429
614.268000 25.39174246 -6.79829913 1.06517339 0.00051528 0.00291739 0.03877861 0.99924344
614.532000 25.38930868 -6.79218003 1.06461397 0.00072660 0.00300029 0.03846535 0.99925517
614.924000 25.38586800 -6.78901359 1.06200972 0.00054333 0.00227173 0.03819282 0.99926766
615.136000 25.38376884 -6.78580056 1.06114564 -0.00062618 0.00304415 0.03944339 0.99921697
615.464000 25.38238639 -6.78758769 1.05924807 -0.00099383 0.00202385 0.03877839 0.99924529
616.304000 25.50556163 -6.77838639 1.05869021 -0.00566870 0.12579708 0.03786568 0.99131688
617.044000 26.44395044 -6.70603634 1.04871045 -0.00118900 -0.02182177 0.03835889 0.99902502
617.540000 27.04468114 -6.68174391 1.04795494 0.00004504 -0.05758151 0.03868815 0.99759090
618.040000 27.36651392 -6.64389310 1.03544652 0.00039512 -0.04751231 0.03883043 0.99811554
618.376000 27.51919736 -6.63806654 1.05076394 0.00158785 -0.03033759 0.04008916 0.99873418
618.820000 27.43153454 -6.59888981 1.02518628 0.00075712 -0.01104224 0.03884919 0.99918378
619.324000 27.37861689 -6.58319660 1.02026370 0.00152655 0.00305052 0.04071029 0.99916517
619.436000 27.35942394 -6.57773014 1.02004628 0.00157884 0.00695712 0.04013514 0.99916879
619.848000 27.31092746 -6.57351858 1.01582251 -0.00111063 0.02680712 0.04142875 0.99878116
620.112000 27.31669217 -6.56419753 1.01322024 -0.00446299 0.09436048 0.04175627 0.99465200
620.620000 27.70299283 -6.51800210 1.00221227 -0.00338349 0.07133526 0.04569422 0.99639945
620.908000 28.12426662 -6.47612028 0.98932872 -0.00152178 0.00456264 0.04716842 0.99887537
621.576000 29.00905856 -6.39631567 0.99050049 0.00186428 -0.06007998 0.04832438 0.99702140
621.876000 29.24627289 -6.37960194 0.98713056 0.00267308 -0.05822052 0.04834766 0.99712874
622.284000 29.39738880 -6.36104858 0.97768469 0.00228591 -0.04093828 0.04939678 0.99793727
622.628000 29.43296430 -6.34638879 0.97032164 0.00095143 -0.02345087 0.04982895 0.99848196
622.852000 29.43350895 -6.34324623 0.96895524 0.00095724 -0.01190870 0.05076562 0.99863913
623.128000 29.41484821 -6.34300628 0.96694289 0.00143094 -0.00192613 0.05007263 0.99874270
623.892000 29.41729478 -6.32847030 0.96012100 -0.00684750 0.13547879 0.05316095 0.98932933
624.184000 29.68485007 -6.30105683 0.95071954 -0.00325501 0.08712149 0.05428146 0.99471241
624.628000 30.32963785 -6.23368097 0.95859972 0.00201148 -0.01317081 0.05557315 0.99836572
625.068000 30.92029839 -6.15344729 0.97416851 0.00302684 -0.05749815 0.05657775 0.99673655
625.640000 31.38685095 -6.12033693 0.97855518 0.00210054 -0.05325550 0.05590483 0.99701258
626.188000 31.49732533 -6.12258472 0.95539809 0.00133472 -0.01024228 0.05471803 0.99844842
626.616000 31.55966014 -6.11652628 0.96286713 -0.00720877 0.11567342 0.05864580 0.99152830
626.936000 31.81858422 -6.07748363 0.95659339 -0.00446628 0.08384146 0.06036996 0.99463869
627.088000 32.01007407 -6.05819290 0.95961420 -0.00226799 0.04929584 0.06030829 0.99695922
627.952000 33.11536477 -5.93089117 0.94716260 0.00277381 -0.05619942 0.06113354 0.99654233
628.956000 33.57044953 -5.87512987 0.95784217 0.00088703 -0.02294007 0.06210086 0.99780582
629.344000 33.57436635 -5.87725883 0.96242115 0.00075433 -0.00739419 0.06300610 0.99798546
630.028000 33.50179576 -5.88857414 0.95393221 0.00023730 0.00660006 0.06273197 0.99800856
631.312000 33.43783669 -5.90337917 0.95802377 -0.00073082 0.00465252 0.06156204 0.99809215
631.764000 33.45290378 -5.89868620 0.96008806 -0.00126820 0.00255444 0.06189152 0.99807881
631.896000 33.45679598 -5.90163774 0.96072507 -0.00111382 0.00178432 0.06219291 0.99806193
632.836000 33.46974828 -5.90491546 0.96725030 -0.00186219 0.00094645 0.06323751 0.99799632
633.428000 33.46797407 -5.90612234 0.96878022 -0.00145307 0.00165802 0.06418200 0.99793577
634.044000 33.46730253 -5.90695371 0.97162886 -0.00129446 0.00227442 0.06659046 0.99777696
636.092000 33.48079380 -5.91264968 0.97418522 -0.00129260 0.00235706 0.06870019 0.99763373
636.460000 33.48566179 -5.91970092 0.97489943 -0.00100177 0.00206610 0.06952544 0.99757754
636.808000 33.48441608 -5.91590526 0.97466782 -0.00013099 0.00163397 0.07003126 0.99754345
637.508000 33.49215122 -5.92417410 0.97334429 -0.00063451 0.00197847 0.07031128 0.99752294
637.812000 33.49776742 -5.92948691 0.97333473 -0.00060926 0.00150805 0.06904561 0.99761218
638.004000 33.49849955 -5.92817679 0.97221844 -0.00002754 0.00120053 0.06875152 0.99763309
638.452000 33.49725456 -5.92609902 0.97306703 -0.00048470 0.00186318 0.06897154 0.99761677
638.828000 33.49441582 -5.92164919 0.97096702 -0.00125696 0.00172538 0.06819567 0.99766968
639.172000 33.49036142 -5.91620834 0.96640683 -0.00090618 0.00151015 0.06734132 0.99772844
639.560000 33.47674732 -5.87385386 0.96450453 -0.06951787 -0.00038611 0.06791561 0.99526609
640.436000 33.40762632 -5.31652088 0.96988767 0.01921148 -0.00135561 0.37789939 0.92564633
640.664000 33.39406111 -5.17856149 0.97828735 0.02644466 -0.00776167 0.48499659 0.87408166
640.872000 33.38063380 -5.07628438 0.98420896 0.02738852 -0.01127658 0.57813499 0.81540336
641.100000 33.36477635 -4.98987256 0.98654748 0.02438491 -0.01413677 0.67166584 0.74031786
641.372000 33.34317852 -4.93258052 0.98244057 0.02005895 -0.01565088 0.72968556 0.68330935
641.640000 33.34401829 -4.88877326 0.98333915 0.01449848 -0.01254417 0.74575485 0.66594455
641.792000 33.36764759 -4.86170104 0.98564982 0.01161803 -0.00894989 0.75111202 0.66001186
642.220000 33.32620330 -4.79611407 0.98137903 0.00485607 -0.00197423 0.75274225 0.65829448
642.568000 33.33659142 -4.82533430 0.96705787 0.00160339 0.00201421 0.75371351 0.65719808
642.760000 33.34742632 -4.83211940 0.95720698 0.00164361 0.00406389 0.75396042 0.65690522
642.972000 33.34780484 -4.83970063 0.95953494 0.00006030 0.00431530 0.75306280 0.65793450
643.228000 33.33504854 -4.85410708 0.95955069 -0.00107821 0.00513361 0.75337835 0.65756638
643.424000 33.32396246 -4.86834986 0.95882694 -0.00344098 0.00576774 0.75406534 0.65676507
643.548000 33.32199117 -4.87440977 0.96282106 -0.01820674 0.01814750 0.75233136 0.65828315
643.644000 33.31785623 -4.87402627 0.96405412 -0.03656481 0.03456373 0.75290677 0.65620101
644.048000 33.28706694 -4.72791844 0.94589325 -0.09011537 0.08071552 0.75146464 0.64858702
644.176000 33.26937005 -4.60174549 0.94595007 -0.07051138 0.06306976 0.75513844 0.64870354
644.264000 33.25713781 -4.49486020 0.94337120 -0.05484571 0.04783029 0.75749601 0.64877115
644.540000 33.21345924 -4.10661350 0.93763412 -0.00717924 0.00660864 0.75933507 0.65062665
644.684000 33.19105257 -3.89014876 0.93634615 0.01223628 -0.01224737 0.75910895 0.65073334
644.936000 33.14706496 -3.54058855 0.93468560 0.03551456 -0.03322124 0.75888385 0.64940770
645.168000 33.11090404 -3.27055426 0.93520086 0.04424402 -0.04051697 0.75809167 0.64938268
645.392000 33.09469908 -3.07697651 0.93311067 0.04381566 -0.03993904 0.75759067 0.65003187
645.612000 33.07612547 -2.92662382 0.92453804 0.00759745 -0.00784895 0.75899246 0.65100777
645.768000 33.05253437 -2.83886254 0.91789353 -0.03010780 0.02492190 0.75846894 0.65053615
646.008000 33.01556190 -2.66343480 0.91133788 -0.05240763 0.04358602 0.75797148 0.64871638
646.188000 32.99653910 -2.48326125 0.89299658 -0.03091255 0.02631472 0.75992107 0.64874642
646.508000 32.89428687 -2.12194505 0.91070975 0.00932252 -0.00762965 0.75958343 0.65029831
646.600000 32.86991342 -2.01370261 0.91371690 0.01850738 -0.01481947 0.75958134 0.64998004
646.852000 32.82758545 -1.73946714 0.90872553 0.02323644 -0.01813065 0.75979397 0.64949556
647.056000 32.80997738 -1.54083360 0.90228541 -0.01444832 0.01349496 0.76032676 0.64923983
647.252000 32.78396628 -1.34409812 0.89858290 -0.03173190 0.02795749 0.76060709 0.64783355
647.444000 32.74445102 -1.11992783 0.90446078 -0.01508548 0.01345849 0.76124828 0.64814532
647.596000 32.71288574 -0.92930893 0.90346709 0.00150538 -0.00064538 0.76158593 0.64806187
647.776000 32.66883187 -0.71279149 0.90247806 0.01969023 -0.01562528 0.76145886 0.64772567
648.052000 32.61834487 -0.41855420 0.89216214 0.02650795 -0.02131131 0.76094767 0.64792113
648.276000 32.57582105 -0.21852129 0.87604780 -0.01499948 0.01282831 0.76212172 0.64713286
648.424000 32.54795295 -0.08016305 0.87219324 -0.03572406 0.03054272 0.76131732 0.64667370
648.872000 32.43037985 0.43528114 0.86972571 0.00660075 -0.00564617 0.76313184 0.64618445
649.248000 32.30861808 0.83834578 0.87258091 0.03250682 -0.02813375 0.76409763 0.64366654
649.492000 32.23493445 1.04955070 0.87525831 0.03562907 -0.03255460 0.76388625 0.64354376
649.632000 32.20983497 1.13586637 0.87475532 0.03476776 -0.03195993 0.76413589 0.64332426
649.868000 32.17598730 1.27645528 0.87588874 0.03209791 -0.02748349 0.76507745 0.64255030
650.016000 32.18117183 1.33298669 0.88171109 0.02818026 -0.02415010 0.76468418 0.64333564
650.276000 32.16079264 1.38183438 0.88153663 0.02078538 -0.01689586 0.76524303 0.64318395
650.408000 32.15073456 1.39080251 0.88498358 0.01724316 -0.01355734 0.76583198 0.64266652
650.604000 32.13047562 1.39038724 0.88609178 0.01208326 -0.00903129 0.76597562 0.64269260
650.712000 32.13311967 1.38679445 0.89019662 0.00966203 -0.00611746 0.76609720 0.64262298
650.932000 32.12438309 1.37050877 0.89212498 0.00480559 -0.00186406 0.76608806 0.64271496
651.108000 32.12581714 1.35487802 0.89118207 0.00022306 0.00095592 0.76655916 0.64217294
651.396000 32.12631399 1.32781573 0.89025980 -0.00297705 0.00461792 0.76745193 0.64108294
651.528000 32.14142130 1.31776276 0.88824002 -0.00440534 0.00429173 0.76732377 0.64123039
651.712000 32.15230473 1.30498601 0.88979634 -0.00543753 0.00504386 0.76706553 0.64152589
651.960000 32.15376570 1.29201141 0.89157254 -0.00513942 0.00438156 0.76742259 0.64110604
652.240000 32.15571408 1.28380035 0.89089411 -0.00419605 0.00351073 0.76801149 0.64041270
652.368000 32.15225414 1.28138205 0.89089578 -0.00424688 0.00335536 0.76798142 0.64044925
652.704000 32.15119113 1.28167520 0.89190282 -0.00361958 0.00200820 0.76795478 0.64049069
652.872000 32.15178323 1.28407256 0.89121276 -0.00225424 0.00257484 0.76770346 0.64079614
653.072000 32.14698629 1.28773956 0.89213295 -0.00097398 0.00228075 0.76775306 0.64074105
653.224000 32.14738167 1.29132664 0.89328473 -0.00122165 0.00136854 0.76743047 0.64112956
653.384000 32.14978231 1.29536308 0.89437812 -0.00110664 0.00086260 0.76710062 0.64152527
653.608000 32.13075300 1.29711789 0.89628781 -0.00139677 -0.00083947 0.76834152 0.64003801
653.980000 32.13780283 1.30410407 0.89269519 -0.00115262 -0.00024492 0.76904585 0.63919253
654.228000 32.14636376 1.30890738 0.89021049 -0.00045519 0.00056730 0.76834310 0.64003777
654.428000 32.14648992 1.31023698 0.88919999 0.00015378 0.00039145 0.76821613 0.64019044
654.584000 32.14586790 1.31022085 0.88878257 -0.00057054 0.00060036 0.76866863 0.63964666
654.696000 32.13665066 1.30835041 0.88841377 -0.00081493 0.00048670 0.76896730 0.63928740
654.980000 32.13963420 1.30866134 0.88652363 -0.00118484 0.00005886 0.76864194 0.63967816
655.108000 32.14201816 1.30841405 0.88437073 -0.00137519 0.00051223 0.76838847 0.63998204
655.404000 32.12645179 1.30398787 0.88476516 -0.00041334 0.00116764 0.76908527 0.63914499
655.652000 32.13668435 1.30296969 0.88313518 -0.00012317 0.00199236 0.76872483 0.63957655
655.788000 32.14130564 1.30188870 0.88226881 -0.00145284 0.00106480 0.76880163 0.63948480
656.028000 32.13404586 1.29777398 0.88390566 -0.00105108 0.00098249 0.76900618 0.63923973
656.264000 32.13727605 1.29568496 0.88510882 -0.00100036 0.00088223 0.76940854 0.63875560
656.424000 32.14058517 1.29399172 0.88343734 -0.00073114 0.00074622 0.76913545 0.63908494
656.608000 32.14513507 1.29204673 0.88409491 -0.00046795 0.00089442 0.76900304 0.63924432
656.920000 32.16172100 1.28973549 0.88356788 -0.00133180 0.00195069 0.76814541 0.64027107
657.068000 32.15812777 1.28655528 0.88194578 -0.00154659 0.00105525 0.76819506 0.64021313
657.336000 32.15707471 1.28252047 0.88222288 -0.00117943 0.00146892 0.76880380 0.63948196
657.544000 32.17737398 1.28424976 0.88296671 -0.00162346 0.00110340 0.76765477 0.64086059
657.748000 32.16583424 1.27972636 0.88194407 -0.00267097 0.00003474 0.76842767 0.63993107
658.052000 32.17903666 1.28016769 0.88120476 -0.00218220 0.00180386 0.76852229 0.63981675
658.200000 32.17336693 1.27887280 0.88111873 -0.00193699 0.00098112 0.76779898 0.64068715
658.520000 32.17357811 1.27976190 0.87530924 -0.00133518 0.00085540 0.76827338 0.64011991
658.768000 32.17291766 1.28395868 0.87840593 -0.00090611 0.00126588 0.76825065 0.64014727
659.088000 32.19372363 1.28962335 0.87454821 -0.00111513 0.00113326 0.76763703 0.64088287
659.372000 32.18110915 1.29069211 0.87337950 -0.00060879 0.00048285 0.76889069 0.63937978
659.728000 32.18614371 1.29400656 0.87134441 -0.00124245 0.00036091 0.76886689 0.63940756
659.844000 32.19466304 1.29618033 0.87041552 -0.00133731 0.00092808 0.76727579 0.64131522
659.996000 32.19545657 1.29750258 0.87004449 -0.00180632 0.00085210 0.76751593 0.64102677
660.208000 32.20193533 1.30044868 0.86999265 -0.00159779 0.00034394 0.76726940 0.64132285
660.408000 32.19645974 1.30129591 0.87120181 -0.00053232 0.00066976 0.76752668 0.64101643
660.500000 32.19521568 1.30176767 0.87141384 -0.00099160 0.00096082 0.76800727 0.64043963
660.704000 32.20051958 1.30489308 0.87329955 -0.00084509 0.00107275 0.76776439 0.64073081
660.928000 32.19484456 1.30541475 0.87452032 -0.00120534 0.00125586 0.76799867 0.64044907
661.056000 32.20076927 1.30803736 0.87613340 -0.00118924 0.00116104 0.76730652 0.64127836
661.184000 32.19694582 1.30831029 0.87644818 -0.00033804 0.00080045 0.76845617 0.63990183
661.320000 32.19776627 1.30976804 0.87704112 -0.00060731 0.00034940 0.76826525 0.64013125
661.492000 32.19178788 1.31038123 0.87318282 -0.00037967 0.00026656 0.76851916 0.63982660
661.712000 32.18895673 1.31066027 0.83509950 -0.00107053 0.00010135 0.76909160 0.63913766
661.924000 32.19818809 1.31398878 0.76145949 -0.00194645 0.00038737 0.76821810 0.64018514
662.060000 32.18690390 1.31350101 0.70765141 -0.00226594 0.00042239 0.76868114 0.63962801
662.196000 32.19475999 1.31433515 0.64210272 -0.00176733 -0.00080146 0.76920577 0.63899822
662.368000 32.19336773 1.31415372 0.55146794 -0.00080449 -0.00082578 0.76912646 0.63909557
662.744000 32.19895885 1.31517748 0.35621480 -0.00026893 0.00071100 0.76911160 0.63911404
662.896000 32.20286075 1.31418020 0.27356116 -0.00000724 0.00160045 0.76890070 0.63936621
663.268000 32.20427385 1.31203872 0.08200103 -0.00060342 0.00076155 0.76933858 0.63884051
663.404000 32.19852717 1.31065531 0.01342171 -0.00111836 0.00013607 0.77005545 0.63797596
663.676000 32.19560790 1.30879332 -0.12511289 -0.00124143 -0.00034424 0.76912908 0.63909217
663.800000 32.18906359 1.30812686 -0.18643253 -0.00158793 0.00041864 0.77015690 0.63785238
664.108000 32.18844789 1.30687298 -0.33949856 -0.00032440 0.00027293 0.76961374 0.63850960
664.392000 32.18744488 1.30522976 -0.48438486 0.00020393 0.00100369 0.76884782 0.63943099
664.532000 32.19782591 1.30685528 -0.55543711 -0.00002676 0.00204110 0.77068103 0.63721785
664.664000 32.20410248 1.30707915 -0.61926096 -0.00060822 0.00104311 0.77011615 0.63790254
664.936000 32.20834829 1.30553355 -0.74836122 -0.00069150 0.00063495 0.77047440 0.63747025
665.192000 32.21561902 1.30500952 -0.87194632 -0.00077693 -0.00070473 0.77043569 0.63751686
665.520000 32.23371158 1.30508132 -1.03100898 -0.00100267 0.00032359 0.76991746 0.63814262
665.696000 32.23605068 1.30396701 -1.11189368 -0.00127026 -0.00095644 0.76961924 0.63850114
665.924000 32.23657445 1.30073929 -1.22325461 -0.00175214 -0.00018042 0.76978013 0.63830671
666.248000 32.24117166 1.29339243 -1.34704481 -0.00676227 -0.00338423 0.76921899 0.63894051
666.576000 32.24229674 1.29368642 -1.34551504 -0.00159421 -0.00011512 0.76805512 0.64038174
666.972000 32.24693799 1.29424452 -1.33614558 -0.00041060 0.00093853 0.76668805 0.64201899
667.084000 32.24324354 1.29361360 -1.33800884 -0.00031748 0.00099188 0.76576315 0.64312185
667.740000 32.25997132 1.29221667 -1.32770456 -0.00032803 0.00195307 0.76472896 0.64434905
668.124000 32.25311171 1.29411940 -1.32989149 -0.00024139 0.00212436 0.76210286 0.64745244
668.360000 32.24933372 1.29580104 -1.33745908 -0.00005523 0.00158547 0.76321470 0.64614303
668.580000 32.25748437 1.29669252 -1.33804729 0.00008121 0.00178635 0.76229566 0.64722649
668.800000 32.25466779 1.29754419 -1.33979507 -0.00008121 0.00118672 0.76107331 0.64866478
669.328000 32.25056558 1.29829900 -1.33780889 0.00002337 0.00141874 0.76116356 0.64855841
669.772000 32.24707723 1.29723013 -1.33829928 0.00000150 0.00133079 0.76105958 0.64868062
670.300000 32.24551813 1.29624424 -1.34208692 0.00016360 0.00128399 0.76097626 0.64877844
670.460000 32.23675269 1.29538050 -1.34784832 0.00030014 0.00108531 0.76067518 0.64913173
670.912000 32.22980891 1.28979689 -1.37622874 0.00097177 0.00069734 0.76059912 0.64922072
671.340000 32.23257535 1.29060325 -1.36560051 0.00100388 0.00103877 0.76064574 0.64916559
672.072000 32.23107986 1.29068799 -1.35650918 0.00110146 0.00155929 0.76050313 0.64933146
672.244000 32.23421718 1.29279218 -1.35343681 0.00088964 0.00122253 0.76066844 0.64913884
672.412000 32.23488801 1.29277434 -1.35199272 0.00095473 0.00142242 0.76069325 0.64910927
672.720000 32.23414403 1.29072152 -1.35169546 0.00082297 0.00138278 0.76070095 0.64910051
672.884000 32.23522046 1.29148753 -1.35370573 0.00085881 0.00124180 0.76078679 0.64900014
673.244000 32.23297131 1.28956459 -1.34465776 0.00063184 0.00177070 0.76067451 0.64913077
673.544000 32.23524768 1.29010099 -1.33752360 0.00034927 0.00172741 0.76069861 0.64910286
673.780000 32.23570855 1.29063261 -1.33717721 0.00035580 0.00168146 0.76070560 0.64909478
674.088000 32.23458433 1.29035434 -1.33359116 0.00023658 0.00192772 0.76066644 0.64914004
674.296000 32.23422981 1.29097640 -1.33705722 0.00051071 0.00188055 0.76065967 0.64914796
674.652000 32.23192769 1.29014877 -1.33401370 0.00013217 0.00199641 0.76063297 0.64917908
675.308000 32.23126902 1.28989083 -1.33669262 0.00023752 0.00206009 0.76060078 0.64921656
675.468000 32.23334541 1.29145767 -1.34396323 0.00078536 0.00176503 0.76069311 0.64910882
676.016000 32.23438857 1.29047589 -1.33741158 0.00041345 0.00213888 0.76075765 0.64903240
676.228000 32.23404946 1.29162082 -1.33707490 0.00054825 0.00200525 0.76072167 0.64907489
676.456000 32.23483292 1.29136333 -1.33828050 0.00048709 0.00183730 0.76073051 0.64906508
676.996000 32.23623923 1.29196507 -1.33578889 0.00024366 0.00202933 0.76092579 0.64883570
677.188000 32.23471224 1.29179058 -1.34057938 0.00041219 0.00169007 0.76083518 0.64894283
677.560000 32.23456160 1.29178014 -1.34029470 0.00053999 0.00195143 0.76082047 0.64895926
677.892000 32.23471397 1.29146744 -1.33691164 0.00046036 0.00203208 0.76080377 0.64897865
678.376000 32.24767652 1.29461930 -1.34542790 0.00069430 0.00150865 0.76149562 0.64816792
678.596000 32.24026447 1.29575266 -1.34739819 0.00105586 0.00176049 0.76118886 0.64852703
679.072000 32.24729563 1.29385944 -1.34597252 0.00078806 0.00150904 0.76143780 0.64823574
679.324000 32.24009027 1.29377165 -1.34741790 0.00101968 0.00169654 0.76114878 0.64857429
679.592000 32.24186955 1.29379159 -1.34745188 0.00097476 0.00157764 0.76122089 0.64849003
679.788000 32.24297768 1.29380829 -1.34730916 0.00095531 0.00155984 0.76125284 0.64845259
680.172000 32.24060670 1.29376304 -1.34772538 0.00100611 0.00161016 0.76120414 0.64850956
680.540000 32.24937670 1.29396558 -1.34716439 0.00087293 0.00139620 0.76162889 0.64801136
680.724000 32.24349917 1.29429184 -1.34747407 0.00093081 0.00152207 0.76135531 0.64833241
680.908000 32.23942095 1.29362939 -1.34763553 0.00099758 0.00158478 0.76120312 0.64851083
681.004000 32.23961985 1.29346088 -1.34703713 0.00097653 0.00161869 0.76119275 0.64852295
681.440000 32.24851189 1.29362713 -1.34747053 0.00080912 0.00132668 0.76164353 0.64799438
681.532000 32.24340372 1.29451080 -1.34832541 0.00105973 0.00153586 0.76140233 0.64827696
681.644000 32.24647542 1.29346996 -1.34733748 0.00090389 0.00138831 0.76156417 0.64808739
681.824000 32.24603223 1.29400479 -1.34727850 0.00079629 0.00133920 0.76156550 0.64808608
682.124000 32.24123790 1.29203867 -1.34481551 0.00074618 0.00162482 0.76133218 0.64835956
682.240000 32.23622894 1.29244596 -1.34655710 0.00101072 0.00175024 0.76113905 0.64858559
682.424000 32.24688220 1.29274682 -1.34631307 0.00074193 0.00142730 0.76163507 0.64800419
682.588000 32.24220742 1.29227570 -1.34531624 0.00082407 0.00169278 0.76136781 0.64831745
682.724000 32.24885357 1.29220066 -1.34543761 0.00074627 0.00149294 0.76168734 0.64794260
682.968000 32.23968961 1.29304103 -1.34665071 0.00098649 0.00175413 0.76132170 0.64837121
683.132000 32.24584202 1.29268981 -1.34607801 0.00072354 0.00145135 0.76162822 0.64801221
683.288000 32.24872631 1.29276369 -1.34506112 0.00064089 0.00145006 0.76175461 0.64786372
683.420000 32.24663011 1.29315657 -1.34644862 0.00069857 0.00144811 0.76169266 0.64793650
683.512000 32.24684387 1.29252155 -1.34570457 0.00069227 0.00147968 0.76169291 0.64793614
683.592000 32.24647443 1.29259885 -1.34585137 0.00075361 0.00154888 0.76164182 0.64799596
683.848000 32.25234763 1.29313260 -1.34595633 0.00068830 0.00138443 0.76187515 0.64772206
684.188000 32.24767629 1.29295643 -1.34605199 0.00070050 0.00144710 0.76177146 0.64784386
684.380000 32.24400773 1.29290082 -1.34620494 0.00070646 0.00154957 0.76162793 0.64801234
684.836000 32.24203588 1.29250132 -1.34550796 0.00086989 0.00171968 0.76149083 0.64817282
685.028000 32.25152641 1.29256098 -1.34440871 0.00068897 0.00153622 0.76190469 0.64768697
685.220000 32.25036687 1.29339416 -1.34590788 0.00070603 0.00145210 0.76192007 0.64766905
685.400000 32.24346162 1.29302315 -1.34635734 0.00097257 0.00175781 0.76157212 0.64807705
685.632000 32.24053429 1.29258363 -1.34611291 0.00099405 0.00180881 0.76146052 0.64820801
685.920000 32.24296667 1.29244521 -1.34515812 0.00085075 0.00177774 0.76156262 0.64808833
686.056000 32.24432324 1.29172521 -1.34425075 0.00061904 0.00168230 0.76168703 0.64794263
686.152000 32.24671832 1.29116825 -1.34284535 0.00068257 0.00177439 0.76171682 0.64790730
